Script iniciado en 2026-08-19 09:31:13+01:00 [COMMAND="HERMES_HOME=/home/chegusan/.hermes-jorgito-test hermes pets show jorgito --state review --once --mode unicode" <no ejecutado en terminal>]
[?25lJorgito — mode=unicode  (Ctrl+C to stop)
                                                                                   [0m [0m [0m [0m [38;2;0;0;0m[48;2;127;107;44m▀[38;2;0;0;0m[48;2;109;32;28m▀[38;2;103;47;23m[48;2;132;13;38m▀[38;2;118;23;33m[48;2;96;16;36m▀[38;2;69;15;26m[48;2;0;42;0m▀[0m [0m [0m [0m [0m [0m [0m [0m
                                                                                   [0m [0m [38;2;0;1;0m[48;2;138;25;14m▀[38;2;110;72;52m[48;2;152;43;42m▀[38;2;88;48;37m[48;2;168;34;36m▀[38;2;77;8;27m[48;2;166;14;14m▀[38;2;141;74;65m[48;2;168;73;47m▀[38;2;120;57;48m[48;2;94;25;43m▀[38;2;97;11;30m[48;2;85;11;36m▀[0m [0m [0m [0m [0m [0m [0m [0m
                                                                                   [0m [38;2;17;0;8m[48;2;135;154;135m▀[38;2;145;78;74m[48;2;113;106;87m▀[38;2;246;51;31m[48;2;188;60;40m▀[38;2;182;46;35m[48;2;116;80;70m▀[38;2;155;138;136m[48;2;104;136;112m▀[38;2;158;21;38m[48;2;212;93;69m▀[38;2;127;52;41m[48;2;143;27;24m▀[38;2;85;28;38m[48;2;69;19;38m▀[38;2;73;46;35m[48;2;120;42;31m▀[38;2;98;104;39m[48;2;162;32;35m▀[38;2;0;0;0m[48;2;126;18;24m▀[0m [0m [0m [0m [0m
                                                                                   [0m [38;2;88;69;63m[48;2;28;0;0m▀[38;2;215;62;40m[48;2;147;24;19m▀[38;2;185;44;35m[48;2;168;49;23m▀[38;2;149;59;67m[48;2;166;85;20m▀[38;2;172;83;23m[48;2;198;136;29m▀[38;2;230;159;34m[48;2;114;58;25m▀[38;2;103;29;32m[48;2;52;0;36m▀[38;2;63;23;37m[48;2;49;9;26m▀[38;2;128;22;25m[48;2;152;52;23m▀[38;2;154;23;34m[48;2;168;71;22m▀[38;2;177;71;24m[48;2;199;107;26m▀[38;2;135;26;22m[48;2;223;137;29m▀[38;2;56;0;28m[48;2;112;21;21m▀[0m [0m [0m
                                                                                   [38;2;85;85;85m[48;2;98;71;35m▀[38;2;0;0;0m[48;2;175;153;110m▀[38;2;0;0;0m[48;2;191;177;145m▀[38;2;93;107;9m[48;2;87;33;39m▀[38;2;166;113;21m[48;2;188;158;87m▀[38;2;208;118;23m[48;2;178;130;67m▀[38;2;125;17;28m[48;2;192;28;20m▀[38;2;53;12;28m[48;2;144;28;31m▀[38;2;138;18;26m[48;2;94;26;27m▀[38;2;157;68;27m[48;2;207;129;18m▀[38;2;242;172;28m[48;2;228;168;27m▀[38;2;174;79;30m[48;2;157;81;28m▀[38;2;249;191;35m[48;2;120;99;24m▀[38;2;152;79;24m[48;2;75;51;17m▀[0m [0m [0m
                                                                                   [38;2;77;35;14m[48;2;63;0;12m▀[38;2;156;107;61m[48;2;91;37;26m▀[38;2;154;126;87m[48;2;142;92;45m▀[38;2;153;121;86m[48;2;146;93;47m▀[38;2;178;137;92m[48;2;182;118;55m▀[38;2;155;108;62m[48;2;149;89;45m▀[38;2;128;33;28m[48;2;151;32;30m▀[38;2;180;34;28m[48;2;181;34;28m▀[38;2;106;24;28m[48;2;116;16;32m▀[38;2;102;57;24m[48;2;68;7;41m▀[38;2;25;25;8m[48;2;62;17;31m▀[38;2;52;19;22m[48;2;0;0;0m▀[38;2;100;10;21m[48;2;102;19;31m▀[38;2;144;29;29m[48;2;66;20;29m▀[38;2;151;27;20m[48;2;148;23;28m▀[38;2;0;0;0m[48;2;146;24;21m▀[0m
                                                                                   [0m [38;2;48;13;17m[48;2;139;153;74m▀[38;2;106;64;37m[48;2;99;40;27m▀[38;2;121;76;41m[48;2;113;51;31m▀[38;2;152;94;50m[48;2;118;73;33m▀[38;2;109;58;39m[48;2;153;96;34m▀[38;2;109;19;24m[48;2;175;126;32m▀[38;2;88;19;32m[48;2;155;44;28m▀[38;2;105;23;33m[48;2;225;46;30m▀[38;2;123;22;34m[48;2;167;26;29m▀[38;2;107;15;38m[48;2;89;15;36m▀[38;2;90;16;28m[48;2;157;12;31m▀[38;2;0;24;16m[48;2;142;16;28m▀[38;2;0;11;11m[48;2;142;24;34m▀[38;2;147;23;33m[48;2;191;33;32m▀[38;2;147;20;22m[48;2;119;36;18m▀[0m
                                                                                   [38;2;106;73;42m[48;2;34;0;17m▀[38;2;116;62;49m[48;2;119;47;27m▀[38;2;162;34;29m[48;2;147;40;40m▀[38;2;129;19;33m[48;2;82;8;39m▀[38;2;172;116;38m[48;2;67;28;30m▀[38;2;255;184;49m[48;2;164;107;21m▀[38;2;178;124;42m[48;2;116;58;32m▀[38;2;132;55;37m[48;2;129;51;44m▀[38;2;181;35;26m[48;2;107;26;38m▀[38;2;140;16;38m[48;2;65;13;40m▀[38;2;92;38;28m[48;2;41;18;30m▀[38;2;165;73;23m[48;2;141;94;11m▀[38;2;178;43;30m[48;2;131;85;12m▀[38;2;178;46;30m[48;2;95;79;11m▀[38;2;125;44;19m[48;2;0;1;0m▀[0m [0m
                                                                                   [0m [38;2;80;42;18m[48;2;0;0;0m▀[38;2;76;25;30m[48;2;0;0;0m▀[38;2;0;7;23m[48;2;0;0;0m▀[0m [0m [38;2;61;21;14m[48;2;85;85;0m▀[38;2;163;72;34m[48;2;63;13;24m▀[38;2;76;16;35m[48;2;34;17;17m▀[38;2;11;17;17m[48;2;0;0;0m▀[0m [0m [0m [0m [0m [0m [0m[0m
[9F                                                                                   [0m [0m [0m [0m [0m [0m [38;2;0;0;0m[48;2;119;29;21m▀[38;2;0;0;0m[48;2;118;13;31m▀[38;2;0;0;0m[48;2;64;16;22m▀[0m [0m [0m [0m [0m [0m [0m [0m
                                                                                   [0m [0m [0m [38;2;0;0;0m[48;2;72;42;25m▀[38;2;110;86;43m[48;2;103;45;43m▀[38;2;69;44;30m[48;2;100;4;12m▀[38;2;119;12;36m[48;2;143;66;52m▀[38;2;108;30;43m[48;2;133;75;58m▀[38;2;73;34;17m[48;2;91;3;30m▀[38;2;102;51;0m[48;2;72;38;22m▀[0m [0m [0m [0m [0m [0m [0m
                                                                                   [0m [0m [38;2;118;35;29m[48;2;101;127;120m▀[38;2;186;41;35m[48;2;175;82;66m▀[38;2;195;31;26m[48;2;197;37;23m▀[38;2;191;66;64m[48;2;97;139;127m▀[38;2;171;35;34m[48;2;184;112;116m▀[38;2;102;29;34m[48;2;164;22;17m▀[38;2;85;22;37m[48;2;80;31;39m▀[38;2;56;14;23m[48;2;85;42;32m▀[38;2;0;4;1m[48;2;146;47;30m▀[38;2;0;0;0m[48;2;121;16;20m▀[0m [0m [0m [0m [0m
                                                                                   [0m [0m [38;2;139;107;88m[48;2;123;18;12m▀[38;2;182;56;34m[48;2;213;33;24m▀[38;2;165;89;87m[48;2;166;43;24m▀[38;2;116;57;52m[48;2;183;97;26m▀[38;2;223;149;50m[48;2;194;134;25m▀[38;2;168;59;26m[48;2;80;22;30m▀[38;2;72;22;37m[48;2;30;4;29m▀[38;2;100;19;22m[48;2;135;51;21m▀[38;2;161;12;29m[48;2;157;45;24m▀[38;2;157;45;22m[48;2;188;86;19m▀[38;2;129;21;21m[48;2;200;104;23m▀[38;2;0;1;0m[48;2;98;0;16m▀[0m [0m [0m
                                                                                   [0m [38;2;126;70;48m[48;2;89;41;32m▀[38;2;113;96;75m[48;2;169;142;102m▀[38;2;117;61;14m[48;2;105;66;70m▀[38;2;167;115;35m[48;2;119;69;19m▀[38;2;183;116;15m[48;2;227;180;60m▀[38;2;143;45;20m[48;2;203;57;30m▀[38;2;46;0;31m[48;2;141;18;23m▀[38;2;101;36;26m[48;2;99;16;29m▀[38;2;137;28;23m[48;2;171;84;16m▀[38;2;218;145;21m[48;2;243;179;22m▀[38;2;172;73;22m[48;2;188;107;30m▀[38;2;255;186;29m[48;2;157;115;31m▀[38;2;151;75;24m[48;2;90;70;17m▀[0m [0m [0m
                                                                                   [38;2;101;78;45m[48;2;85;42;0m▀[38;2;146;118;82m[48;2;143;94;46m▀[38;2;175;155;113m[48;2;168;119;69m▀[38;2;142;104;84m[48;2;127;100;64m▀[38;2;161;123;88m[48;2;174;123;72m▀[38;2;173;151;98m[48;2;164;109;55m▀[38;2;139;52;35m[48;2;132;47;32m▀[38;2;181;25;23m[48;2;169;26;24m▀[38;2;110;18;25m[48;2;152;20;26m▀[38;2;116;64;20m[48;2;62;3;39m▀[38;2;141;114;18m[48;2;51;11;29m▀[38;2;85;45;26m[48;2;0;0;0m▀[38;2;82;3;21m[48;2;90;21;25m▀[38;2;141;23;24m[48;2;76;29;31m▀[38;2;141;30;19m[48;2;146;22;25m▀[38;2;0;0;0m[48;2;125;22;11m▀[0m
                                                                                   [0m [38;2;37;37;7m[48;2;133;133;72m▀[38;2;126;71;37m[48;2;94;79;41m▀[38;2;136;85;43m[48;2;105;53;35m▀[38;2;148;91;46m[48;2;107;62;34m▀[38;2;145;94;52m[48;2;128;76;36m▀[38;2;103;21;25m[48;2;156;112;39m▀[38;2;112;15;28m[48;2;134;64;24m▀[38;2;82;16;30m[48;2;197;32;27m▀[38;2;123;19;34m[48;2;200;31;23m▀[38;2;102;11;35m[48;2;93;12;32m▀[38;2;94;12;26m[48;2;143;11;28m▀[38;2;0;31;18m[48;2;150;10;26m▀[38;2;0;11;0m[48;2;147;19;31m▀[38;2;142;20;28m[48;2;184;30;28m▀[38;2;132;15;15m[48;2;114;38;14m▀[0m
                                                                                   [0m [38;2;101;67;43m[48;2;46;5;15m▀[38;2;126;55;43m[48;2;127;46;25m▀[38;2;155;13;24m[48;2;126;20;37m▀[38;2;109;41;30m[48;2;55;5;32m▀[38;2;226;158;40m[48;2;104;65;19m▀[38;2;232;162;47m[48;2;141;87;27m▀[38;2;132;75;43m[48;2;115;42;36m▀[38;2;159;35;26m[48;2;121;32;34m▀[38;2;161;16;30m[48;2;66;8;37m▀[38;2;80;20;31m[48;2;40;16;33m▀[38;2;147;75;16m[48;2;88;77;11m▀[38;2;171;50;25m[48;2;95;76;7m▀[38;2;163;46;26m[48;2;54;92;7m▀[38;2;120;48;18m[48;2;0;0;0m▀[0m [0m
                                                                                   [0m [0m [38;2;72;33;21m[48;2;0;0;0m▀[38;2;50;17;25m[48;2;0;0;0m▀[0m [0m [0m [38;2;134;65;24m[48;2;23;0;23m▀[38;2;116;42;35m[48;2;8;0;8m▀[38;2;5;0;20m[48;2;0;0;0m▀[0m [0m [0m [0m [0m [0m [0m[0m
[9F                                                                                   [0m [0m [0m [0m [0m [0m [38;2;0;0;0m[48;2;123;30;26m▀[38;2;0;1;0m[48;2;120;16;35m▀[38;2;90;15;15m[48;2;73;20;26m▀[0m [0m [0m [0m [0m [0m [0m [0m
                                                                                   [0m [0m [0m [38;2;0;0;0m[48;2;87;35;24m▀[38;2;116;87;51m[48;2;113;38;42m▀[38;2;72;51;33m[48;2;105;9;17m▀[38;2;111;14;38m[48;2;143;57;47m▀[38;2;115;37;48m[48;2;142;86;62m▀[38;2;80;18;21m[48;2;90;1;34m▀[38;2;93;40;26m[48;2;69;31;28m▀[0m [0m [0m [0m [0m [0m [0m
                                                                                   [0m [0m [38;2;101;22;18m[48;2;86;114;105m▀[38;2;201;46;37m[48;2;159;68;52m▀[38;2;204;42;31m[48;2;203;52;35m▀[38;2;191;36;27m[48;2;87;93;77m▀[38;2;179;18;15m[48;2;169;100;105m▀[38;2;101;27;34m[48;2;166;26;22m▀[38;2;98;41;45m[48;2;96;41;44m▀[38;2;69;10;26m[48;2;72;26;31m▀[38;2;0;2;0m[48;2;142;55;36m▀[38;2;0;0;0m[48;2;109;20;20m▀[0m [0m [0m [0m [0m
                                                                                   [0m [0m [38;2;162;99;78m[48;2;142;13;7m▀[38;2;191;44;26m[48;2;195;36;25m▀[38;2;164;85;86m[48;2;167;47;22m▀[38;2;124;72;64m[48;2;179;89;29m▀[38;2;226;151;63m[48;2;189;129;23m▀[38;2;166;61;30m[48;2;84;28;32m▀[38;2;72;21;37m[48;2;34;6;31m▀[38;2;96;18;23m[48;2;125;37;16m▀[38;2;162;17;34m[48;2;154;43;23m▀[38;2;146;35;23m[48;2;188;89;22m▀[38;2;123;14;20m[48;2;193;93;24m▀[38;2;0;1;0m[48;2;97;0;17m▀[0m [0m [0m
                                                                                   [0m [38;2;0;0;0m[48;2;86;55;48m▀[38;2;116;115;80m[48;2;153;100;73m▀[38;2;117;75;22m[48;2;93;50;44m▀[38;2;151;107;24m[48;2;121;70;22m▀[38;2;189;122;23m[48;2;233;180;61m▀[38;2;142;49;23m[48;2;201;59;33m▀[38;2;48;0;32m[48;2;133;16;23m▀[38;2;98;29;23m[48;2;98;14;28m▀[38;2;135;27;23m[48;2;167;82;17m▀[38;2;213;138;24m[48;2;252;185;31m▀[38;2;178;82;29m[48;2;184;99;31m▀[38;2;255;194;31m[48;2;176;118;27m▀[38;2;162;82;24m[48;2;124;88;16m▀[38;2;40;0;13m[48;2;37;14;14m▀[0m [0m
                                                                                   [38;2;111;86;55m[48;2;25;0;0m▀[38;2;164;131;91m[48;2;147;94;48m▀[38;2;141;117;88m[48;2;157;111;65m▀[38;2;140;111;87m[48;2;129;96;60m▀[38;2;159;126;90m[48;2;170;115;65m▀[38;2;174;152;100m[48;2;159;106;55m▀[38;2;139;48;32m[48;2;129;46;32m▀[38;2;181;26;24m[48;2;162;23;22m▀[38;2;103;17;24m[48;2;151;20;26m▀[38;2;122;70;20m[48;2;58;2;38m▀[38;2;167;128;26m[48;2;43;4;27m▀[38;2;110;60;31m[48;2;0;0;0m▀[38;2;33;0;22m[48;2;96;17;24m▀[38;2;132;7;21m[48;2;84;19;25m▀[38;2;116;32;16m[48;2;139;26;26m▀[38;2;0;0;0m[48;2;135;25;15m▀[0m
                                                                                   [0m [38;2;61;30;17m[48;2;85;103;48m▀[38;2;127;73;40m[48;2;77;54;29m▀[38;2;124;77;41m[48;2;100;52;33m▀[38;2;144;87;46m[48;2;111;68;38m▀[38;2;144;92;51m[48;2;105;57;32m▀[38;2;98;11;21m[48;2;148;105;37m▀[38;2;115;15;29m[48;2;131;48;25m▀[38;2;79;12;27m[48;2;197;34;25m▀[38;2;108;14;32m[48;2;175;27;23m▀[38;2;100;12;34m[48;2;86;7;33m▀[38;2;70;19;26m[48;2;134;6;27m▀[38;2;0;7;15m[48;2;129;17;25m▀[38;2;0;0;13m[48;2;110;17;34m▀[38;2;123;19;30m[48;2;178;27;29m▀[38;2;142;18;19m[48;2;128;30;18m▀[0m
                                                                                   [0m [38;2;103;65;47m[48;2;88;33;25m▀[38;2;133;38;29m[48;2;154;48;36m▀[38;2;133;8;21m[48;2;104;7;35m▀[38;2;114;62;32m[48;2;63;18;31m▀[38;2;225;153;39m[48;2;161;106;25m▀[38;2;214;150;43m[48;2;143;83;33m▀[38;2;141;63;34m[48;2;103;37;38m▀[38;2;187;32;23m[48;2;112;26;32m▀[38;2;163;17;29m[48;2;77;8;40m▀[38;2;90;30;32m[48;2;49;20;28m▀[38;2;164;58;27m[48;2;137;90;11m▀[38;2;181;29;29m[48;2;132;69;13m▀[38;2;184;36;31m[48;2;115;61;13m▀[38;2;145;42;25m[48;2;37;66;9m▀[38;2;65;58;14m[48;2;0;0;0m▀[0m
                                                                                   [0m [0m [38;2;81;27;25m[48;2;0;0;0m▀[38;2;36;13;29m[48;2;0;0;0m▀[0m [0m [38;2;25;6;12m[48;2;0;0;0m▀[38;2;144;62;26m[48;2;73;23;23m▀[38;2;100;26;36m[48;2;60;15;20m▀[38;2;18;6;21m[48;2;0;0;0m▀[0m [0m [0m [0m [0m [0m [0m[0m
[9F                                                                                   [0m [0m [0m [0m [0m [38;2;0;0;0m[48;2;115;109;42m▀[38;2;0;0;0m[48;2;125;19;31m▀[38;2;106;37;26m[48;2;118;13;39m▀[38;2;85;19;22m[48;2;64;17;26m▀[0m [0m [0m [0m [0m [0m [0m [0m
                                                                                   [0m [0m [38;2;0;1;1m[48;2;99;21;8m▀[38;2;0;139;46m[48;2;116;33;24m▀[38;2;110;71;50m[48;2;137;37;41m▀[38;2;64;33;26m[48;2;151;10;15m▀[38;2;104;18;39m[48;2;162;44;32m▀[38;2;124;62;55m[48;2;133;76;58m▀[38;2;98;15;28m[48;2;93;5;38m▀[38;2;91;33;28m[48;2;71;26;29m▀[0m [0m [0m [0m [0m [0m [0m
                                                                                   [0m [0m [38;2;85;42;40m[48;2;123;136;120m▀[38;2;205;60;48m[48;2;149;61;43m▀[38;2;210;35;19m[48;2;183;79;65m▀[38;2;150;55;46m[48;2;84;112;92m▀[38;2;171;36;41m[48;2;182;131;115m▀[38;2;123;23;27m[48;2;176;31;22m▀[38;2;103;51;48m[48;2;91;31;42m▀[38;2;61;13;28m[48;2;70;22;27m▀[38;2;53;127;53m[48;2;150;44;34m▀[38;2;0;0;0m[48;2;134;19;26m▀[0m [0m [0m [0m [0m
                                                                                   [0m [0m [38;2;161;63;46m[48;2;95;23;13m▀[38;2;220;42;27m[48;2;165;39;21m▀[38;2;157;59;64m[48;2;165;66;18m▀[38;2;154;45;38m[48;2;177;108;27m▀[38;2;231;148;33m[48;2;159;103;25m▀[38;2;160;80;33m[48;2;68;14;33m▀[38;2;63;16;34m[48;2;33;8;28m▀[38;2;89;24;22m[48;2;137;32;16m▀[38;2;155;13;33m[48;2;155;56;21m▀[38;2;165;49;26m[48;2;184;83;24m▀[38;2;141;31;20m[48;2;220;130;26m▀[38;2;72;0;18m[48;2;110;14;19m▀[0m [0m [0m
                                                                                   [38;2;0;0;0m[48;2;118;107;75m▀[38;2;0;0;0m[48;2;118;93;74m▀[38;2;142;118;84m[48;2;149;99;74m▀[38;2;102;82;31m[48;2;103;62;53m▀[38;2;142;102;19m[48;2;139;95;43m▀[38;2;214;138;28m[48;2;218;185;83m▀[38;2;162;50;26m[48;2;192;54;32m▀[38;2;54;0;29m[48;2;167;24;23m▀[38;2;116;28;24m[48;2;88;14;29m▀[38;2;130;26;22m[48;2;172;96;15m▀[38;2;228;159;24m[48;2;246;180;30m▀[38;2;177;84;29m[48;2;182;108;32m▀[38;2;250;178;31m[48;2;144;91;29m▀[38;2;171;95;25m[48;2;102;84;13m▀[38;2;51;21;21m[48;2;24;16;12m▀[0m [0m
                                                                                   [38;2;116;85;47m[48;2;0;0;0m▀[38;2;182;137;88m[48;2;136;82;40m▀[38;2;142;121;89m[48;2;155;99;53m▀[38;2;142;118;90m[48;2;128;88;48m▀[38;2;165;132;94m[48;2;175;112;55m▀[38;2;165;130;87m[48;2;144;94;46m▀[38;2;120;48;33m[48;2;129;30;26m▀[38;2;167;23;23m[48;2;176;27;24m▀[38;2;124;18;24m[48;2;131;17;28m▀[38;2;98;50;25m[48;2;62;1;39m▀[38;2;127;93;23m[48;2;52;9;29m▀[38;2;73;40;30m[48;2;0;0;0m▀[38;2;72;9;24m[48;2;94;15;25m▀[38;2;135;14;23m[48;2;68;17;25m▀[38;2;134;30;17m[48;2;137;24;27m▀[38;2;0;1;0m[48;2;138;26;18m▀[0m
                                                                                   [0m [38;2;28;11;5m[48;2;109;92;53m▀[38;2;114;69;40m[48;2;94;49;27m▀[38;2;121;77;43m[48;2;103;40;28m▀[38;2;143;87;49m[48;2;110;68;33m▀[38;2;121;73;45m[48;2;139;85;33m▀[38;2;94;17;22m[48;2;176;130;40m▀[38;2;96;16;30m[48;2;146;52;24m▀[38;2;87;14;26m[48;2;213;35;25m▀[38;2;119;16;30m[48;2;183;27;23m▀[38;2;96;9;34m[48;2;86;11;33m▀[38;2;86;16;26m[48;2;139;8;30m▀[38;2;0;19;19m[48;2;146;13;26m▀[38;2;0;0;0m[48;2;128;20;33m▀[38;2;121;19;29m[48;2;181;29;30m▀[38;2;144;18;19m[48;2;128;31;17m▀[0m
                                                                                   [38;2;109;78;42m[48;2;0;0;0m▀[38;2;100;48;40m[48;2;100;47;21m▀[38;2;149;34;29m[48;2;139;47;37m▀[38;2;132;4;26m[48;2;78;5;35m▀[38;2;127;72;33m[48;2;39;10;27m▀[38;2;248;170;41m[48;2;131;85;20m▀[38;2;196;132;43m[48;2;114;59;30m▀[38;2;119;54;37m[48;2;121;41;35m▀[38;2;165;30;23m[48;2;101;21;35m▀[38;2;138;12;34m[48;2;57;7;38m▀[38;2;87;30;30m[48;2;37;17;25m▀[38;2;154;71;23m[48;2;114;85;4m▀[38;2;172;38;26m[48;2;117;73;9m▀[38;2;176;40;28m[48;2;95;70;12m▀[38;2;138;46;24m[48;2;0;170;0m▀[0m [0m
                                                                                   [0m [0m [38;2;41;3;19m[48;2;0;0;0m▀[0m [0m [0m [0m [38;2;143;66;28m[48;2;39;0;15m▀[38;2;88;22;34m[48;2;15;0;0m▀[38;2;11;5;11m[48;2;0;0;0m▀[0m [0m [0m [0m [0m [0m [0m[0m
[9F                                                                                   [0m [0m [0m [0m [38;2;0;0;0m[48;2;120;99;35m▀[38;2;0;0;0m[48;2;90;78;37m▀[38;2;0;127;0m[48;2;120;9;29m▀[38;2;120;24;26m[48;2;119;13;39m▀[38;2;85;16;24m[48;2;55;27;21m▀[0m [0m [0m [0m [0m [0m [0m [0m
                                                                                   [0m [0m [38;2;0;1;0m[48;2;125;25;18m▀[38;2;36;45;22m[48;2;160;30;24m▀[38;2;103;54;45m[48;2;174;36;37m▀[38;2;74;22;23m[48;2;173;23;22m▀[38;2;118;37;46m[48;2;170;31;21m▀[38;2;144;88;65m[48;2;110;44;42m▀[38;2;102;12;30m[48;2;84;9;36m▀[38;2;81;36;29m[48;2;67;14;21m▀[0m [0m [0m [0m [0m [0m [0m
                                                                                   [0m [0m [38;2;94;92;92m[48;2;134;128;107m▀[38;2;195;79;67m[48;2;154;58;37m▀[38;2;236;26;8m[48;2;178;88;79m▀[38;2;130;102;98m[48;2;83;89;77m▀[38;2;161;92;103m[48;2;197;145;103m▀[38;2;144;15;19m[48;2;185;38;22m▀[38;2;98;48;44m[48;2;82;24;38m▀[38;2;67;20;27m[48;2;88;26;26m▀[38;2;114;98;41m[48;2;155;24;28m▀[38;2;0;0;0m[48;2;135;22;24m▀[0m [0m [0m [0m [0m
                                                                                   [0m [38;2;0;0;0m[48;2;123;91;64m▀[38;2;161;40;28m[48;2;91;45;37m▀[38;2;225;33;23m[48;2;152;53;24m▀[38;2;156;43;44m[48;2;167;91;27m▀[38;2;166;63;36m[48;2;176;113;17m▀[38;2;230;159;25m[48;2;143;75;22m▀[38;2;128;55;29m[48;2;50;0;33m▀[38;2;52;12;33m[48;2;50;23;27m▀[38;2;109;33;23m[48;2;147;37;22m▀[38;2;149;19;27m[48;2;185;93;20m▀[38;2;179;67;20m[48;2;182;84;20m▀[38;2;152;46;20m[48;2;249;166;25m▀[38;2;75;0;20m[48;2;140;42;20m▀[0m [0m [0m
                                                                                   [38;2;0;0;0m[48;2;107;88;58m▀[38;2;111;57;42m[48;2;128;103;77m▀[38;2;159;140;102m[48;2;183;163;118m▀[38;2;0;76;0m[48;2;117;64;61m▀[38;2;120;78;16m[48;2;150;106;66m▀[38;2;215;145;29m[48;2;200;179;93m▀[38;2;184;51;25m[48;2;176;51;32m▀[38;2;76;7;26m[48;2;193;26;23m▀[38;2;116;25;28m[48;2;84;14;27m▀[38;2;148;48;21m[48;2;165;96;14m▀[38;2;255;186;23m[48;2;227;170;21m▀[38;2;182;85;25m[48;2;152;85;30m▀[38;2;227;164;28m[48;2;79;48;28m▀[38;2;164;103;25m[48;2;64;25;4m▀[38;2;61;9;23m[48;2;29;17;5m▀[0m [0m
                                                                                   [38;2;102;67;35m[48;2;0;0;0m▀[38;2;167;120;69m[48;2;102;65;28m▀[38;2;158;126;83m[48;2;156;94;48m▀[38;2;135;110;77m[48;2;128;82;41m▀[38;2;175;136;92m[48;2;157;96;46m▀[38;2;163;120;74m[48;2;160;107;52m▀[38;2;124;58;37m[48;2;127;22;25m▀[38;2;158;24;23m[48;2;160;20;27m▀[38;2;157;22;24m[48;2;99;14;29m▀[38;2;65;18;32m[48;2;91;9;39m▀[38;2;14;8;23m[48;2;83;14;31m▀[38;2;0;0;14m[48;2;43;32;27m▀[38;2;87;18;20m[48;2;79;22;25m▀[38;2;121;26;26m[48;2;37;24;26m▀[38;2;151;27;23m[48;2;127;20;27m▀[38;2;121;44;11m[48;2;142;19;17m▀[0m
                                                                                   [0m [38;2;0;0;0m[48;2;111;88;54m▀[38;2;86;56;31m[48;2;122;56;38m▀[38;2;114;74;42m[48;2;120;24;25m▀[38;2;123;74;42m[48;2;106;63;28m▀[38;2;116;66;42m[48;2;173;116;38m▀[38;2;106;57;32m[48;2;212;157;43m▀[38;2;95;29;27m[48;2;162;64;25m▀[38;2;147;29;30m[48;2;221;35;24m▀[38;2;155;23;27m[48;2;188;23;24m▀[38;2;99;6;34m[48;2;87;20;31m▀[38;2;113;8;25m[48;2;163;22;26m▀[38;2;66;22;18m[48;2;174;13;28m▀[38;2;39;11;23m[48;2;169;24;33m▀[38;2;161;22;28m[48;2;181;34;26m▀[38;2;133;19;15m[48;2;93;50;16m▀[0m
                                                                                   [0m [38;2;92;40;32m[48;2;71;39;0m▀[38;2;156;40;33m[48;2;112;43;28m▀[38;2;140;8;34m[48;2;64;11;34m▀[38;2;92;36;33m[48;2;9;0;23m▀[38;2;223;153;37m[48;2;63;36;9m▀[38;2;192;125;45m[48;2;92;51;18m▀[38;2;107;52;45m[48;2;144;55;31m▀[38;2;135;28;26m[48;2;110;27;37m▀[38;2;117;10;39m[48;2;42;8;32m▀[38;2;72;28;27m[48;2;0;10;21m▀[38;2;152;83;14m[48;2;0;0;0m▀[38;2;153;56;21m[48;2;74;74;0m▀[38;2;156;53;23m[48;2;0;145;0m▀[38;2;98;50;15m[48;2;0;0;0m▀[0m [0m
                                                                                   [0m [0m [0m [0m [0m [0m [0m [38;2;121;57;27m[48;2;0;0;0m▀[38;2;86;31;31m[48;2;0;0;0m▀[0m [0m [0m [0m [0m [0m [0m [0m[0m
[9F                                                                                   [0m [0m [0m [0m [38;2;0;0;0m[48;2;106;93;41m▀[38;2;0;0;0m[48;2;101;19;29m▀[38;2;125;32;29m[48;2;133;16;42m▀[38;2;114;18;33m[48;2;88;20;37m▀[38;2;58;19;26m[48;2;0;72;0m▀[0m [0m [0m [0m [0m [0m [0m [0m
                                                                                   [0m [0m [38;2;0;36;0m[48;2;143;28;18m▀[38;2;109;68;52m[48;2;164;42;41m▀[38;2;88;40;34m[48;2;180;38;38m▀[38;2;91;6;26m[48;2;177;27;24m▀[38;2;149;96;69m[48;2;158;56;39m▀[38;2;121;45;45m[48;2;88;22;42m▀[38;2;95;11;32m[48;2;84;15;36m▀[0m [0m [0m [0m [0m [0m [0m [0m
                                                                                   [0m [38;2;43;26;35m[48;2;127;142;127m▀[38;2;137;89;84m[48;2;126;104;82m▀[38;2;241;50;29m[48;2;180;60;39m▀[38;2;153;51;41m[48;2;115;85;78m▀[38;2;147;160;155m[48;2;113;109;81m▀[38;2;168;24;42m[48;2;226;109;56m▀[38;2;131;49;38m[48;2;134;28;26m▀[38;2;72;18;36m[48;2;71;22;37m▀[38;2;94;63;38m[48;2;131;30;28m▀[38;2;133;63;38m[48;2;166;26;35m▀[38;2;0;0;0m[48;2;136;28;25m▀[38;2;0;1;0m[48;2;120;6;20m▀[0m [0m [0m [0m
                                                                                   [0m [38;2;52;48;52m[48;2;0;0;0m▀[38;2;206;52;34m[48;2;128;22;19m▀[38;2;196;40;31m[48;2;153;53;22m▀[38;2;155;52;53m[48;2;167;99;20m▀[38;2;196;105;24m[48;2;190;127;24m▀[38;2;206;149;31m[48;2;99;32;26m▀[38;2;87;20;34m[48;2;46;2;37m▀[38;2;53;17;35m[48;2;86;14;22m▀[38;2;129;29;24m[48;2;155;54;24m▀[38;2;149;28;31m[48;2;183;96;22m▀[38;2;195;96;23m[48;2;188;93;30m▀[38;2;151;47;22m[48;2;253;175;33m▀[38;2;66;0;18m[48;2;125;40;21m▀[0m [0m [0m
                                                                                   [38;2;69;69;46m[48;2;76;51;21m▀[38;2;90;105;90m[48;2;174;147;101m▀[38;2;0;0;0m[48;2;183;169;135m▀[38;2;0;76;0m[48;2;112;61;54m▀[38;2;169;117;27m[48;2;189;162;99m▀[38;2;215;127;32m[48;2;160;121;73m▀[38;2;147;20;27m[48;2;189;29;21m▀[38;2;69;15;27m[48;2;165;32;32m▀[38;2;134;17;26m[48;2;82;27;26m▀[38;2;168;84;25m[48;2;203;129;17m▀[38;2;255;191;30m[48;2;213;159;26m▀[38;2;177;83;30m[48;2;132;68;26m▀[38;2;217;168;34m[48;2;0;0;0m▀[38;2;135;72;23m[48;2;96;25;17m▀[0m [0m [0m
                                                                                   [0m [38;2;140;84;47m[48;2;85;31;25m▀[38;2;154;121;78m[48;2;139;86;43m▀[38;2;154;122;84m[48;2;142;88;42m▀[38;2;178;129;81m[48;2;180;117;55m▀[38;2;161;107;55m[48;2;138;81;45m▀[38;2;116;35;30m[48;2;157;24;28m▀[38;2;181;35;27m[48;2;164;30;30m▀[38;2;123;22;30m[48;2;97;14;33m▀[38;2;67;28;29m[48;2;86;12;42m▀[38;2;0;0;8m[48;2;78;19;32m▀[0m [38;2;112;24;27m[48;2;79;15;31m▀[38;2;130;29;32m[48;2;6;17;27m▀[38;2;158;25;24m[48;2;143;22;30m▀[38;2;56;28;0m[48;2;146;20;22m▀[0m
                                                                                   [0m [38;2;0;0;0m[48;2;123;112;63m▀[38;2;92;56;34m[48;2;127;56;32m▀[38;2;115;73;40m[48;2;120;35;28m▀[38;2;136;81;45m[48;2;131;86;32m▀[38;2;112;60;37m[48;2;197;133;39m▀[38;2;104;40;26m[48;2;200;148;37m▀[38;2;87;24;32m[48;2;162;53;27m▀[38;2;133;31;32m[48;2;225;42;28m▀[38;2;141;25;31m[48;2;180;26;28m▀[38;2;105;11;37m[48;2;92;25;35m▀[38;2;115;10;30m[48;2;164;33;31m▀[38;2;64;26;19m[48;2;171;19;31m▀[38;2;69;21;29m[48;2;182;32;36m▀[38;2;166;26;34m[48;2;162;35;26m▀[38;2;137;23;20m[48;2;97;48;16m▀[0m
                                                                                   [38;2;102;72;38m[48;2;0;0;0m▀[38;2;110;52;43m[48;2;109;48;22m▀[38;2;159;38;33m[48;2;137;48;39m▀[38;2;140;15;36m[48;2;74;9;38m▀[38;2;146;89;38m[48;2;29;0;27m▀[38;2;246;171;43m[48;2;115;73;11m▀[38;2;167;109;41m[48;2;99;45;24m▀[38;2;111;55;45m[48;2;154;61;39m▀[38;2;147;35;30m[48;2;101;25;40m▀[38;2;121;15;42m[48;2;50;12;36m▀[38;2;78;31;29m[48;2;0;0;27m▀[38;2;159;91;16m[48;2;0;0;0m▀[38;2;153;62;22m[48;2;40;80;0m▀[38;2;147;57;22m[48;2;0;1;0m▀[38;2;93;55;13m[48;2;0;0;0m▀[0m [0m
                                                                                   [0m [0m [38;2;49;16;26m[48;2;0;0;0m▀[0m [0m [0m [0m [38;2;134;61;30m[48;2;0;0;0m▀[38;2;78;22;33m[48;2;0;0;0m▀[0m [0m [0m [0m [0m [0m [0m [0m[0m
[?25h[0m

Script terminado en 2026-08-19 09:31:14+01:00 [CÓDIGO_SALIDA_ORDEN="0"]
