Script iniciado en 2026-08-19 10:52:35+01:00 [COMMAND="/home/chegusan/.local/bin/hermes pets show jorgito --state running-left --once" <no ejecutado en terminal>]
[?25lJorgito — mode=unicode  (Ctrl+C to stop)
                                                               [0m [0m [0m [0m [0m [0m [38;2;0;0;0m[48;2;126;17;41m▀[38;2;0;0;0m[48;2;92;15;40m▀[0m [0m [0m [0m [0m [0m [0m [0m [0m
                                                               [0m [0m [38;2;0;0;0m[48;2;80;27;24m▀[38;2;139;102;60m[48;2;107;47;47m▀[38;2;96;66;51m[48;2;103;16;23m▀[38;2;116;10;39m[48;2;136;47;44m▀[38;2;121;26;45m[48;2;142;89;62m▀[38;2;74;13;30m[48;2;95;1;33m▀[38;2;127;0;0m[48;2;82;21;34m▀[0m [0m [0m [0m [0m [0m [0m [0m
                                                               [0m [38;2;96;21;27m[48;2;95;134;138m▀[38;2;178;42;36m[48;2;156;89;74m▀[38;2;202;40;33m[48;2;249;44;25m▀[38;2;173;44;40m[48;2;116;123;112m▀[38;2;172;39;36m[48;2;103;73;72m▀[38;2;111;31;35m[48;2;181;30;31m▀[38;2;91;29;43m[48;2;93;35;41m▀[38;2;74;3;35m[48;2;87;21;40m▀[38;2;0;1;0m[48;2;149;55;40m▀[38;2;0;0;0m[48;2;127;6;36m▀[0m [0m [0m [0m [0m [0m
                                                               [0m [38;2;140;59;50m[48;2;130;17;20m▀[38;2;208;80;52m[48;2;199;37;25m▀[38;2;218;25;27m[48;2;182;56;25m▀[38;2;166;60;57m[48;2;186;82;23m▀[38;2;182;131;39m[48;2;202;140;31m▀[38;2;185;68;31m[48;2;89;34;32m▀[38;2;71;15;34m[48;2;46;3;37m▀[38;2;108;17;34m[48;2;137;38;34m▀[38;2;161;19;36m[48;2;158;49;29m▀[38;2;152;40;27m[48;2;192;95;24m▀[38;2;132;10;25m[48;2;191;95;28m▀[38;2;0;0;0m[48;2;100;0;23m▀[0m [0m [0m [0m
                                                               [38;2;0;1;0m[48;2;129;24;24m▀[38;2;0;0;85m[48;2;122;32;31m▀[38;2;117;72;21m[48;2;22;0;22m▀[38;2;157;113;30m[48;2;132;68;39m▀[38;2;178;119;25m[48;2;239;179;52m▀[38;2;159;63;23m[48;2;204;65;32m▀[38;2;63;0;35m[48;2;187;34;29m▀[38;2;86;17;34m[48;2;147;24;27m▀[38;2;148;36;29m[48;2;155;71;26m▀[38;2;219;147;28m[48;2;237;177;30m▀[38;2;183;88;31m[48;2;178;96;34m▀[38;2;255;193;39m[48;2;163;107;31m▀[38;2;152;70;28m[48;2;117;62;31m▀[38;2;63;0;0m[48;2;87;20;40m▀[0m [0m [0m
                                                               [38;2;107;19;22m[48;2;0;0;0m▀[38;2;86;19;34m[48;2;58;39;58m▀[38;2;104;7;34m[48;2;53;0;28m▀[38;2;175;107;44m[48;2;180;132;37m▀[38;2;243;192;52m[48;2;249;195;52m▀[38;2;198;67;32m[48;2;210;118;34m▀[38;2;113;13;33m[48;2;138;19;26m▀[38;2;160;31;30m[48;2;163;34;28m▀[38;2;136;45;25m[48;2;66;8;35m▀[38;2;129;116;34m[48;2;48;4;35m▀[38;2;75;24;24m[48;2;0;0;255m▀[0m [38;2;0;0;0m[48;2;23;15;38m▀[38;2;0;0;0m[48;2;135;30;35m▀[38;2;78;0;78m[48;2;124;28;35m▀[38;2;85;0;56m[48;2;73;11;34m▀[0m
                                                               [0m [0m [38;2;255;170;85m[48;2;151;35;29m▀[38;2;158;65;32m[48;2;156;24;37m▀[38;2;228;158;33m[48;2;113;52;30m▀[38;2;238;162;33m[48;2;206;120;19m▀[38;2;132;43;28m[48;2;184;103;21m▀[38;2;108;14;30m[48;2;190;47;33m▀[38;2;135;22;36m[48;2;212;41;30m▀[38;2;97;19;38m[48;2;78;11;34m▀[38;2;107;14;33m[48;2;111;27;36m▀[38;2;106;12;36m[48;2;178;54;34m▀[38;2;150;33;35m[48;2;150;57;27m▀[38;2;152;50;31m[48;2;100;87;26m▀[0m [0m [0m
                                                               [0m [38;2;121;81;59m[48;2;73;36;42m▀[38;2;130;45;40m[48;2;116;35;32m▀[38;2;112;11;36m[48;2;113;22;33m▀[38;2;56;5;42m[48;2;25;17;25m▀[38;2;82;40;22m[48;2;0;0;0m▀[38;2;136;75;14m[48;2;0;0;0m▀[38;2;130;30;25m[48;2;0;0;25m▀[38;2;173;26;34m[48;2;59;9;34m▀[38;2;100;15;42m[48;2;103;17;25m▀[38;2;104;25;31m[48;2;174;36;37m▀[38;2;123;87;17m[48;2;45;4;45m▀[0m [0m [0m [0m [0m
                                                               [0m [0m [0m [38;2;58;25;33m[48;2;0;0;0m▀[0m [0m [0m [0m [0m [0m [38;2;111;57;41m[48;2;0;0;0m▀[38;2;92;54;46m[48;2;0;0;0m▀[0m [0m [0m [0m [0m[0m
[9F                                                               [0m [0m [0m [0m [0m [38;2;0;1;0m[48;2;138;15;36m▀[38;2;115;23;23m[48;2;113;8;36m▀[38;2;77;12;25m[48;2;47;9;28m▀[0m [0m [0m [0m [0m [0m [0m [0m [0m
                                                               [0m [38;2;0;0;0m[48;2;126;23;8m▀[38;2;39;98;58m[48;2;124;36;34m▀[38;2;108;72;48m[48;2;135;35;40m▀[38;2;72;17;30m[48;2;153;12;15m▀[38;2;128;34;52m[48;2;171;70;50m▀[38;2;120;64;55m[48;2;121;62;54m▀[38;2;103;6;26m[48;2;91;1;38m▀[38;2;87;23;31m[48;2;81;21;32m▀[0m [0m [0m [0m [0m [0m [0m [0m
                                                               [0m [38;2;135;46;43m[48;2;92;118;112m▀[38;2;229;54;39m[48;2;197;53;30m▀[38;2;220;48;34m[48;2;227;80;72m▀[38;2;147;75;73m[48;2;79;139;118m▀[38;2;164;24;34m[48;2;133;60;53m▀[38;2;117;29;33m[48;2;184;31;29m▀[38;2;102;47;47m[48;2;85;27;41m▀[38;2;70;7;33m[48;2;94;28;37m▀[38;2;48;133;36m[48;2;159;45;36m▀[38;2;0;0;0m[48;2;145;19;27m▀[0m [0m [0m [0m [0m [0m
                                                               [38;2;66;11;5m[48;2;23;0;11m▀[38;2;173;65;42m[48;2;163;24;23m▀[38;2;222;58;36m[48;2;202;39;24m▀[38;2;208;22;34m[48;2;176;54;20m▀[38;2;152;62;41m[48;2;198;110;29m▀[38;2;218;152;36m[48;2;192;134;30m▀[38;2;168;67;37m[48;2;72;17;32m▀[38;2;72;24;39m[48;2;44;1;35m▀[38;2;105;17;30m[48;2;132;29;22m▀[38;2;153;13;36m[48;2;157;58;25m▀[38;2;166;53;27m[48;2;171;65;25m▀[38;2;150;34;21m[48;2;231;149;29m▀[38;2;108;0;23m[48;2;139;36;23m▀[0m [0m [0m [0m
                                                               [0m [0m [38;2;141;87;18m[48;2;0;0;0m▀[38;2;157;111;22m[48;2;170;115;33m▀[38;2;183;119;22m[48;2;246;177;50m▀[38;2;140;45;23m[48;2;208;53;31m▀[38;2;53;0;33m[48;2;136;19;28m▀[38;2;100;20;27m[48;2;90;12;30m▀[38;2;138;17;26m[48;2;171;84;23m▀[38;2;223;152;26m[48;2;248;181;32m▀[38;2;178;85;29m[48;2;204;126;35m▀[38;2;234;161;35m[48;2;147;75;31m▀[38;2;223;147;33m[48;2;172;137;23m▀[38;2;91;14;20m[48;2;50;23;15m▀[0m [0m [0m
                                                               [0m [38;2;103;28;28m[48;2;115;27;30m▀[38;2;107;39;24m[48;2;103;31;29m▀[38;2;212;162;49m[48;2;214;166;49m▀[38;2;221;160;50m[48;2;162;81;35m▀[38;2;144;37;29m[48;2;150;12;23m▀[38;2;194;39;29m[48;2;142;27;29m▀[38;2;83;14;35m[48;2;81;12;34m▀[38;2;126;70;28m[48;2;95;11;42m▀[38;2;170;123;25m[48;2;67;6;37m▀[38;2;85;44;27m[48;2;0;0;19m▀[38;2;42;0;25m[48;2;2;1;0m▀[38;2;60;0;20m[48;2;86;23;28m▀[38;2;135;23;23m[48;2;128;20;32m▀[38;2;72;0;0m[48;2;162;25;28m▀[0m [0m
                                                               [0m [0m [38;2;31;0;12m[48;2;0;0;0m▀[38;2;189;133;30m[48;2;78;25;20m▀[38;2;207;134;38m[48;2;209;130;24m▀[38;2;159;86;32m[48;2;214;142;21m▀[38;2;102;32;28m[48;2;188;43;25m▀[38;2;166;38;30m[48;2;226;42;29m▀[38;2;181;29;29m[48;2;178;25;26m▀[38;2;126;19;43m[48;2;93;20;36m▀[38;2;96;14;33m[48;2;129;6;35m▀[38;2;0;8;25m[48;2;146;13;29m▀[38;2;0;0;0m[48;2;112;20;37m▀[38;2;64;6;32m[48;2;167;27;37m▀[38;2;155;21;28m[48;2;161;28;22m▀[0m [0m
                                                               [0m [0m [0m [38;2;133;19;25m[48;2;106;21;14m▀[38;2;113;25;35m[48;2;92;15;37m▀[38;2;121;65;21m[48;2;46;7;37m▀[38;2;120;27;27m[48;2;65;16;38m▀[38;2;152;18;32m[48;2;66;16;35m▀[38;2;95;13;39m[48;2;95;18;38m▀[38;2;83;44;25m[48;2;119;14;31m▀[38;2;155;71;26m[48;2;101;60;20m▀[38;2;179;36;31m[48;2;150;90;26m▀[38;2;192;33;35m[48;2;134;71;27m▀[38;2;174;41;31m[48;2;82;57;24m▀[38;2;114;44;18m[48;2;0;0;0m▀[0m [0m
                                                               [0m [0m [0m [0m [0m [0m [38;2;80;13;31m[48;2;0;0;0m▀[38;2;76;32;32m[48;2;0;0;0m▀[38;2;116;29;24m[48;2;56;56;56m▀[38;2;178;51;40m[48;2;98;72;42m▀[38;2;88;31;39m[48;2;88;55;32m▀[0m [0m [0m [0m [0m [0m[0m
[9F                                                               [0m [0m [0m [0m [0m [38;2;0;0;0m[48;2;140;12;30m▀[38;2;108;25;19m[48;2;128;4;33m▀[38;2;93;11;23m[48;2;82;7;33m▀[0m [0m [0m [0m [0m [0m [0m [0m [0m
                                                               [0m [38;2;0;0;0m[48;2;109;23;11m▀[38;2;0;3;2m[48;2;127;35;31m▀[38;2;120;73;48m[48;2;126;34;42m▀[38;2;73;35;33m[48;2;142;13;16m▀[38;2;106;11;40m[48;2;161;44;36m▀[38;2;127;62;57m[48;2;145;94;59m▀[38;2;101;17;33m[48;2;97;0;36m▀[38;2;103;18;36m[48;2;83;11;35m▀[0m [0m [0m [0m [0m [0m [0m [0m
                                                               [0m [38;2;124;38;38m[48;2;81;120;114m▀[38;2;219;48;38m[48;2;183;63;42m▀[38;2;224;36;23m[48;2;244;51;39m▀[38;2;170;68;64m[48;2;110;140;126m▀[38;2;167;42;46m[48;2;100;88;80m▀[38;2;117;10;22m[48;2;198;23;30m▀[38;2;106;55;50m[48;2;110;41;40m▀[38;2;82;6;33m[48;2;62;1;35m▀[38;2;31;79;47m[48;2;135;56;36m▀[38;2;0;0;0m[48;2;150;21;23m▀[0m [0m [0m [0m [0m [0m
                                                               [38;2;63;7;15m[48;2;24;0;12m▀[38;2;154;61;42m[48;2;161;20;17m▀[38;2;214;61;34m[48;2;210;33;24m▀[38;2;215;21;28m[48;2;175;33;19m▀[38;2;160;55;51m[48;2;187;72;19m▀[38;2;176;129;37m[48;2;221;158;32m▀[38;2;209;82;31m[48;2;111;55;29m▀[38;2;88;24;36m[48;2;53;2;32m▀[38;2;78;9;33m[48;2;65;7;30m▀[38;2;156;9;28m[48;2;144;38;23m▀[38;2;165;27;31m[48;2;151;38;22m▀[38;2;152;32;23m[48;2;209;115;17m▀[38;2;127;0;27m[48;2;152;41;21m▀[38;2;0;1;0m[48;2;71;0;23m▀[0m [0m [0m
                                                               [38;2;0;0;0m[48;2;115;30;23m▀[38;2;0;0;0m[48;2;122;41;27m▀[38;2;153;82;23m[48;2;0;0;0m▀[38;2;170;118;23m[48;2;128;77;21m▀[38;2;169;109;15m[48;2;229;159;40m▀[38;2;153;69;21m[48;2;201;67;28m▀[38;2;54;0;31m[48;2;131;18;25m▀[38;2;50;11;34m[48;2;122;24;20m▀[38;2;146;1;23m[48;2;118;20;23m▀[38;2;183;93;23m[48;2;223;150;24m▀[38;2;185;95;22m[48;2;250;169;32m▀[38;2;204;117;28m[48;2;176;85;31m▀[38;2;255;180;31m[48;2;212;167;27m▀[38;2;124;32;20m[48;2;115;46;23m▀[0m [0m [0m
                                                               [38;2;104;27;23m[48;2;32;8;16m▀[38;2;120;34;35m[48;2;64;11;32m▀[38;2;76;8;22m[48;2;104;14;33m▀[38;2;173;120;41m[48;2;202;139;44m▀[38;2;247;193;59m[48;2;240;185;50m▀[38;2;194;57;30m[48;2;205;94;32m▀[38;2;187;32;28m[48;2;140;3;22m▀[38;2;170;28;26m[48;2;72;18;34m▀[38;2;145;35;21m[48;2;180;34;26m▀[38;2;186;129;23m[48;2;60;5;24m▀[38;2;186;129;31m[48;2;0;0;0m▀[38;2;109;46;27m[48;2;9;0;18m▀[0m [38;2;58;0;14m[48;2;108;17;25m▀[38;2;0;0;0m[48;2;157;18;24m▀[0m [0m
                                                               [0m [0m [38;2;0;0;34m[48;2;183;40;30m▀[38;2;186;131;34m[48;2;153;52;25m▀[38;2;245;186;50m[48;2;216;140;26m▀[38;2;216;146;37m[48;2;235;160;29m▀[38;2;178;24;22m[48;2;155;59;23m▀[38;2;119;19;27m[48;2;177;31;27m▀[38;2;152;32;24m[48;2;127;21;25m▀[38;2;99;16;37m[48;2;92;17;37m▀[38;2;78;13;33m[48;2;122;9;35m▀[38;2;0;0;0m[48;2;105;9;25m▀[38;2;0;0;0m[48;2;39;17;34m▀[38;2;0;0;39m[48;2;69;13;34m▀[38;2;142;16;31m[48;2;168;19;29m▀[38;2;146;12;17m[48;2;127;16;14m▀[0m
                                                               [0m [38;2;107;88;58m[48;2;94;55;40m▀[38;2;135;27;17m[48;2;113;29;33m▀[38;2;150;22;34m[48;2;112;17;35m▀[38;2;96;41;29m[48;2;59;8;40m▀[38;2;184;102;15m[48;2;51;24;18m▀[38;2;173;83;19m[48;2;106;53;13m▀[38;2;206;45;32m[48;2;131;18;24m▀[38;2;222;31;23m[48;2;178;25;30m▀[38;2;108;19;32m[48;2;99;15;41m▀[38;2;75;14;32m[48;2;90;25;32m▀[38;2;175;10;29m[48;2;145;63;20m▀[38;2;155;12;30m[48;2;169;51;27m▀[38;2;173;24;35m[48;2;153;45;23m▀[38;2;174;31;24m[48;2;107;49;18m▀[38;2;91;41;16m[48;2;0;1;0m▀[0m
                                                               [0m [38;2;26;0;20m[48;2;0;0;0m▀[38;2;74;13;31m[48;2;0;0;0m▀[38;2;88;18;38m[48;2;0;0;17m▀[38;2;62;19;31m[48;2;58;0;39m▀[0m [0m [0m [38;2;66;12;29m[48;2;0;0;0m▀[38;2;70;13;25m[48;2;68;17;0m▀[38;2;170;29;32m[48;2;122;53;36m▀[38;2;102;41;25m[48;2;109;57;42m▀[38;2;108;81;15m[48;2;0;0;0m▀[0m [0m [0m [0m[0m
[9F                                                               [0m [0m [0m [38;2;0;0;0m[48;2;157;103;54m▀[38;2;0;0;0m[48;2;114;79;49m▀[38;2;0;2;0m[48;2;129;3;31m▀[38;2;135;18;27m[48;2;127;7;37m▀[38;2;100;10;27m[48;2;79;8;34m▀[0m [0m [0m [0m [0m [0m [0m [0m [0m
                                                               [0m [38;2;0;1;1m[48;2;129;23;13m▀[38;2;82;76;57m[48;2;154;35;30m▀[38;2;109;56;46m[48;2;147;30;37m▀[38;2;73;20;29m[48;2;172;17;16m▀[38;2;106;24;43m[48;2;181;45;33m▀[38;2;141;90;65m[48;2;134;76;51m▀[38;2;111;14;34m[48;2;88;0;37m▀[38;2;104;15;37m[48;2;80;9;35m▀[0m [0m [0m [0m [0m [0m [0m [0m
                                                               [0m [38;2;119;59;59m[48;2;92;114;102m▀[38;2;224;52;39m[48;2;190;59;34m▀[38;2;237;41;24m[48;2;242;53;44m▀[38;2;147;92;91m[48;2;114;133;115m▀[38;2;145;54;61m[48;2;102;90;69m▀[38;2;132;11;22m[48;2;207;29;31m▀[38;2;109;65;51m[48;2;105;31;37m▀[38;2;78;5;33m[48;2;64;2;35m▀[38;2;70;70;44m[48;2;140;48;35m▀[38;2;0;2;0m[48;2;154;20;26m▀[38;2;0;0;0m[48;2;127;21;28m▀[0m [0m [0m [0m [0m
                                                               [38;2;70;11;15m[48;2;14;0;14m▀[38;2;184;52;32m[48;2;159;15;16m▀[38;2;215;48;30m[48;2;194;45;23m▀[38;2;199;5;20m[48;2;178;68;22m▀[38;2;177;39;34m[48;2;182;102;20m▀[38;2;207;148;34m[48;2;197;137;30m▀[38;2;194;85;30m[48;2;83;29;29m▀[38;2;81;24;36m[48;2;49;0;32m▀[38;2;73;9;33m[48;2;67;5;20m▀[38;2;148;9;29m[48;2;151;48;22m▀[38;2;163;27;31m[48;2;154;43;21m▀[38;2;155;37;23m[48;2;210;120;17m▀[38;2;125;0;28m[48;2;159;49;20m▀[38;2;0;1;0m[48;2;72;0;22m▀[0m [0m [0m
                                                               [38;2;0;0;0m[48;2;120;32;25m▀[38;2;0;0;0m[48;2;122;39;28m▀[38;2;156;107;25m[48;2;0;0;0m▀[38;2;158;108;18m[48;2;150;94;29m▀[38;2;181;109;15m[48;2;242;176;48m▀[38;2;151;52;21m[48;2;198;53;28m▀[38;2;50;0;30m[48;2;138;24;24m▀[38;2;60;18;30m[48;2;137;23;20m▀[38;2;145;2;23m[48;2;114;21;23m▀[38;2;186;102;24m[48;2;227;155;25m▀[38;2;192;104;23m[48;2;249;168;32m▀[38;2;198;111;29m[48;2;176;85;30m▀[38;2;255;188;32m[48;2;212;168;26m▀[38;2;128;36;21m[48;2;124;54;22m▀[38;2;0;0;0m[48;2;63;7;31m▀[0m [0m
                                                               [38;2;94;24;24m[48;2;0;0;15m▀[38;2;107;28;35m[48;2;73;8;35m▀[38;2;93;14;22m[48;2;105;22;32m▀[38;2;185;132;44m[48;2;214;153;45m▀[38;2;242;184;55m[48;2;238;183;50m▀[38;2;193;51;28m[48;2;203;85;31m▀[38;2;180;31;29m[48;2;132;2;23m▀[38;2;158;25;25m[48;2;71;19;34m▀[38;2;153;36;21m[48;2;184;35;25m▀[38;2;173;119;23m[48;2;54;2;25m▀[38;2;185;126;31m[48;2;0;0;0m▀[38;2;110;47;27m[48;2;8;0;17m▀[38;2;0;0;0m[48;2;55;23;15m▀[38;2;54;0;10m[48;2;104;16;25m▀[38;2;0;0;15m[48;2;161;19;23m▀[0m [0m
                                                               [0m [0m [38;2;0;11;11m[48;2;165;34;26m▀[38;2;195;135;35m[48;2;155;52;25m▀[38;2;246;183;48m[48;2;214;138;23m▀[38;2;211;131;34m[48;2;223;145;25m▀[38;2;167;16;23m[48;2;153;49;24m▀[38;2;118;22;26m[48;2;182;35;28m▀[38;2;144;30;24m[48;2;128;20;25m▀[38;2;94;16;38m[48;2;94;18;37m▀[38;2;80;12;31m[48;2;121;9;34m▀[38;2;0;0;0m[48;2;103;9;24m▀[38;2;0;0;0m[48;2;29;17;35m▀[38;2;0;0;39m[48;2;70;13;36m▀[38;2;140;16;30m[48;2;168;19;29m▀[38;2;148;13;19m[48;2;127;14;14m▀[0m
                                                               [38;2;103;55;39m[48;2;63;43;30m▀[38;2;120;89;58m[48;2;107;56;42m▀[38;2;136;22;18m[48;2;111;19;31m▀[38;2;131;19;38m[48;2;110;20;39m▀[38;2;86;34;29m[48;2;45;4;37m▀[38;2;171;96;14m[48;2;46;23;16m▀[38;2;170;72;21m[48;2;98;44;15m▀[38;2;212;43;32m[48;2;142;18;24m▀[38;2;218;29;22m[48;2;173;25;31m▀[38;2;96;19;32m[48;2;94;14;42m▀[38;2;84;14;32m[48;2;91;30;31m▀[38;2;175;8;29m[48;2;152;63;22m▀[38;2;154;12;30m[48;2;168;45;29m▀[38;2;169;23;34m[48;2;151;40;25m▀[38;2;178;31;25m[48;2;106;50;17m▀[38;2;94;40;18m[48;2;0;1;0m▀[0m
                                                               [0m [38;2;20;0;16m[48;2;0;1;0m▀[38;2;76;14;34m[48;2;0;0;0m▀[38;2;79;16;37m[48;2;0;0;13m▀[38;2;46;23;23m[48;2;127;0;0m▀[0m [0m [38;2;30;10;20m[48;2;0;0;0m▀[38;2;63;11;30m[48;2;0;0;0m▀[38;2;91;16;26m[48;2;106;35;23m▀[38;2;165;28;32m[48;2;129;55;38m▀[38;2;97;51;20m[48;2;94;51;47m▀[38;2;120;81;15m[48;2;0;0;0m▀[38;2;51;65;7m[48;2;0;0;0m▀[0m [0m [0m[0m
[9F                                                               [0m [0m [0m [38;2;0;0;0m[48;2;124;85;44m▀[38;2;0;0;0m[48;2;97;59;40m▀[38;2;124;37;32m[48;2;128;8;37m▀[38;2;142;18;34m[48;2;122;20;47m▀[38;2;96;13;30m[48;2;56;12;27m▀[0m [0m [0m [0m [0m [0m [0m [0m [0m
                                                               [0m [38;2;0;31;0m[48;2;141;24;17m▀[38;2;81;44;34m[48;2;187;44;36m▀[38;2;102;50;48m[48;2;177;34;33m▀[38;2;81;14;24m[48;2;176;29;24m▀[38;2;116;39;48m[48;2;193;46;34m▀[38;2;157;116;75m[48;2;122;52;47m▀[38;2;107;9;33m[48;2;90;10;43m▀[38;2;94;19;32m[48;2;81;14;37m▀[0m [0m [0m [0m [0m [0m [0m [0m
                                                               [38;2;31;0;31m[48;2;116;29;29m▀[38;2;104;86;87m[48;2;128;96;78m▀[38;2;216;54;35m[48;2;203;58;31m▀[38;2;235;62;46m[48;2;227;62;58m▀[38;2;108;116;112m[48;2;106;114;88m▀[38;2;132;41;52m[48;2;145;92;45m▀[38;2;154;18;25m[48;2;205;46;32m▀[38;2;108;58;49m[48;2;98;27;43m▀[38;2;73;6;36m[48;2;79;14;34m▀[38;2;107;92;44m[48;2;159;39;36m▀[38;2;0;1;0m[48;2;155;22;29m▀[38;2;0;0;0m[48;2;122;17;25m▀[0m [0m [0m [0m [0m
                                                               [38;2;55;9;9m[48;2;0;0;51m▀[38;2;209;47;29m[48;2;134;16;20m▀[38;2;209;38;31m[48;2;175;65;19m▀[38;2;188;5;18m[48;2;177;99;26m▀[38;2;189;50;27m[48;2;186;126;28m▀[38;2;240;181;37m[48;2;153;91;25m▀[38;2;161;81;35m[48;2;61;5;32m▀[38;2;70;20;39m[48;2;42;1;34m▀[38;2;80;17;32m[48;2;147;18;21m▀[38;2;140;11;34m[48;2;163;70;24m▀[38;2;163;41;31m[48;2;159;51;24m▀[38;2;160;51;22m[48;2;229;150;28m▀[38;2;123;2;24m[48;2;155;56;23m▀[0m [0m [0m [0m
                                                               [0m [0m [38;2;129;117;16m[48;2;0;0;0m▀[38;2;147;96;19m[48;2;196;143;42m▀[38;2;204;126;26m[48;2;249;181;55m▀[38;2;156;34;26m[48;2;197;39;29m▀[38;2;58;1;32m[48;2;149;26;29m▀[38;2;116;23;26m[48;2;92;12;33m▀[38;2;132;14;27m[48;2;162;80;22m▀[38;2;223;154;28m[48;2;246;177;32m▀[38;2;191;103;29m[48;2;217;143;35m▀[38;2;214;135;34m[48;2;155;77;32m▀[38;2;244;172;35m[48;2;171;137;22m▀[38;2;113;27;23m[48;2;91;36;20m▀[0m [0m [0m
                                                               [0m [38;2;117;25;25m[48;2;103;18;25m▀[38;2;110;49;28m[48;2;96;42;29m▀[38;2;226;173;50m[48;2;222;173;49m▀[38;2;192;123;41m[48;2;145;41;28m▀[38;2;139;31;28m[48;2;161;19;25m▀[38;2;195;40;29m[48;2;130;24;28m▀[38;2;81;13;35m[48;2;81;13;35m▀[38;2;112;58;29m[48;2;102;12;43m▀[38;2;157;109;26m[48;2;62;5;37m▀[38;2;105;66;29m[48;2;0;0;0m▀[38;2;68;18;26m[48;2;1;0;0m▀[38;2;0;0;15m[48;2;74;23;27m▀[38;2;115;21;21m[48;2;134;23;33m▀[38;2;31;31;0m[48;2;168;26;26m▀[0m [0m
                                                               [0m [0m [38;2;19;6;6m[48;2;95;31;0m▀[38;2;197;136;28m[48;2;96;32;23m▀[38;2;206;137;37m[48;2;214;135;21m▀[38;2;154;93;32m[48;2;183;106;18m▀[38;2;101;24;28m[48;2;196;36;27m▀[38;2;177;40;30m[48;2;222;41;27m▀[38;2;176;27;30m[48;2;171;25;26m▀[38;2;121;19;42m[48;2;90;17;37m▀[38;2;89;16;35m[48;2;129;5;35m▀[38;2;0;0;31m[48;2;134;16;29m▀[38;2;0;0;0m[48;2;89;21;36m▀[38;2;5;0;35m[48;2;139;22;38m▀[38;2;155;22;31m[48;2;174;25;27m▀[38;2;107;14;9m[48;2;75;20;12m▀[0m
                                                               [0m [0m [0m [38;2;131;18;27m[48;2;85;19;23m▀[38;2;98;25;35m[48;2;84;14;39m▀[38;2;103;52;23m[48;2;43;8;36m▀[38;2;123;17;28m[48;2;77;17;42m▀[38;2;154;20;36m[48;2;66;13;35m▀[38;2;83;13;37m[48;2;102;16;40m▀[38;2;97;54;24m[48;2;99;17;27m▀[38;2;157;58;30m[48;2;140;88;18m▀[38;2;183;23;31m[48;2;147;78;24m▀[38;2;186;30;36m[48;2;140;61;24m▀[38;2;197;39;35m[48;2;113;52;22m▀[38;2;139;39;20m[48;2;0;92;0m▀[0m [0m
                                                               [0m [0m [0m [0m [0m [0m [38;2;89;22;35m[48;2;0;0;0m▀[38;2;58;31;29m[48;2;0;0;0m▀[38;2;145;31;26m[48;2;95;59;40m▀[38;2;165;40;38m[48;2;121;73;45m▀[38;2;14;0;44m[48;2;85;48;28m▀[0m [0m [0m [0m [0m [0m[0m
[9F                                                               [0m [0m [0m [0m [0m [38;2;0;0;0m[48;2;139;18;36m▀[38;2;51;51;51m[48;2;123;13;40m▀[38;2;99;21;42m[48;2;89;14;42m▀[0m [0m [0m [0m [0m [0m [0m [0m [0m
                                                               [0m [38;2;0;0;0m[48;2;112;7;15m▀[38;2;0;0;0m[48;2;123;25;22m▀[38;2;109;72;50m[48;2;126;37;43m▀[38;2;78;42;40m[48;2;138;11;17m▀[38;2;110;17;41m[48;2;161;51;38m▀[38;2;119;48;50m[48;2;134;78;57m▀[38;2;85;9;23m[48;2;95;1;37m▀[38;2;95;21;31m[48;2;79;19;36m▀[0m [0m [0m [0m [0m [0m [0m [0m
                                                               [0m [38;2;97;49;54m[48;2;112;136;126m▀[38;2;196;59;50m[48;2;150;87;66m▀[38;2;233;42;26m[48;2;245;44;30m▀[38;2;157;74;69m[48;2;121;119;107m▀[38;2;148;45;51m[48;2;108;84;64m▀[38;2;122;24;30m[48;2;193;37;31m▀[38;2;96;41;46m[48;2;89;26;39m▀[38;2;77;7;37m[48;2;88;17;38m▀[38;2;54;182;91m[48;2;153;42;37m▀[38;2;0;0;0m[48;2;135;16;35m▀[0m [0m [0m [0m [0m [0m
                                                               [0m [38;2;148;39;30m[48;2;127;7;15m▀[38;2;233;62;40m[48;2;167;42;21m▀[38;2;196;14;23m[48;2;174;89;27m▀[38;2;186;49;36m[48;2;177;110;23m▀[38;2;218;155;35m[48;2;165;104;27m▀[38;2;157;63;30m[48;2;61;9;34m▀[38;2;67;15;37m[48;2;43;2;39m▀[38;2;106;18;35m[48;2;154;41;32m▀[38;2;154;18;34m[48;2;171;71;28m▀[38;2;166;50;28m[48;2;193;99;24m▀[38;2;135;20;24m[48;2;211;120;30m▀[38;2;0;0;0m[48;2;112;10;25m▀[0m [0m [0m [0m
                                                               [38;2;127;44;31m[48;2;124;24;24m▀[38;2;111;37;41m[48;2;116;30;33m▀[38;2;89;204;25m[48;2;96;0;31m▀[38;2;138;96;33m[48;2;159;95;44m▀[38;2;202;131;31m[48;2;246;189;56m▀[38;2;171;52;27m[48;2;198;51;30m▀[38;2;81;9;34m[48;2;188;37;29m▀[38;2;115;21;31m[48;2;153;22;28m▀[38;2;143;40;29m[48;2;155;74;25m▀[38;2;236;169;29m[48;2;231;172;30m▀[38;2;184;91;33m[48;2;167;89;32m▀[38;2;255;189;38m[48;2;147;92;30m▀[38;2;156;77;28m[48;2;107;56;31m▀[38;2;63;0;31m[48;2;85;14;35m▀[0m [0m [0m
                                                               [38;2;61;8;26m[48;2;0;0;0m▀[38;2;80;15;38m[48;2;0;2;0m▀[38;2;102;7;34m[48;2;0;0;18m▀[38;2;184;123;43m[48;2;193;140;40m▀[38;2;243;187;50m[48;2;250;193;49m▀[38;2;194;66;31m[48;2;202;110;33m▀[38;2;100;12;33m[48;2;144;20;26m▀[38;2;173;34;29m[48;2;143;26;28m▀[38;2;119;34;25m[48;2;63;8;36m▀[38;2;36;65;43m[48;2;66;13;35m▀[38;2;60;7;21m[48;2;0;23;69m▀[0m [38;2;0;0;0m[48;2;72;19;38m▀[38;2;0;0;0m[48;2;142;32;35m▀[38;2;104;0;57m[48;2;125;29;36m▀[38;2;76;0;76m[48;2;72;11;38m▀[0m
                                                               [0m [0m [38;2;193;40;43m[48;2;144;33;35m▀[38;2;161;57;30m[48;2;135;18;41m▀[38;2;219;149;28m[48;2;91;38;31m▀[38;2;228;146;28m[48;2;185;106;16m▀[38;2;117;36;29m[48;2;178;95;21m▀[38;2;126;21;31m[48;2;208;49;34m▀[38;2;147;24;35m[48;2;205;40;31m▀[38;2;95;18;37m[48;2;74;10;36m▀[38;2;110;14;32m[48;2;115;33;35m▀[38;2;115;15;36m[48;2;175;58;32m▀[38;2;161;37;36m[48;2;144;60;26m▀[38;2;149;53;30m[48;2;76;102;25m▀[0m [0m [0m
                                                               [38;2;92;63;56m[48;2;255;127;0m▀[38;2;115;68;52m[48;2;52;11;31m▀[38;2;131;28;34m[48;2;118;34;31m▀[38;2;107;14;38m[48;2;102;20;32m▀[38;2;38;0;42m[48;2;0;1;0m▀[38;2;80;40;20m[48;2;0;0;0m▀[38;2;109;60;16m[48;2;0;0;0m▀[38;2;125;23;26m[48;2;0;0;63m▀[38;2;152;23;35m[48;2;34;7;34m▀[38;2;98;14;41m[48;2;119;23;26m▀[38;2;110;25;29m[48;2;167;36;37m▀[38;2;121;95;17m[48;2;21;0;49m▀[0m [0m [0m [0m [0m
                                                               [0m [0m [0m [0m [0m [0m [0m [0m [0m [38;2;110;55;44m[48;2;0;0;0m▀[38;2;107;58;42m[48;2;0;0;0m▀[0m [0m [0m [0m [0m [0m[0m
[?25h[0m

Script terminado en 2026-08-19 10:52:37+01:00 [CÓDIGO_SALIDA_ORDEN="0"]
