Script iniciado en 2026-08-19 10:52:40+01:00 [COMMAND="/home/chegusan/.local/bin/hermes pets show jorgito --state failed --once" <no ejecutado en terminal>]
[?25lJorgito — mode=unicode  (Ctrl+C to stop)
                                                               [0m [0m [0m [0m [0m [0m [38;2;0;0;0m[48;2;120;29;33m▀[38;2;63;38;0m[48;2;101;19;35m▀[0m [0m [0m [0m [0m [0m [0m [0m [0m
                                                               [0m [0m [0m [38;2;0;0;0m[48;2;86;95;47m▀[38;2;115;95;51m[48;2;105;52;49m▀[38;2;65;31;31m[48;2;129;19;26m▀[38;2;125;49;55m[48;2;170;64;41m▀[38;2;112;54;50m[48;2;113;54;53m▀[38;2;89;10;30m[48;2;78;18;38m▀[0m [0m [0m [0m [0m [0m [0m [0m
                                                               [0m [0m [38;2;0;0;0m[48;2;81;63;30m▀[38;2;123;41;30m[48;2;122;107;100m▀[38;2;204;43;32m[48;2;217;56;31m▀[38;2;173;81;66m[48;2;200;108;108m▀[38;2;130;64;70m[48;2;131;132;96m▀[38;2;145;25;30m[48;2;194;58;30m▀[38;2;95;49;44m[48;2;87;31;38m▀[38;2;54;19;30m[48;2;87;52;37m▀[38;2;0;208;69m[48;2;154;52;39m▀[38;2;0;0;0m[48;2;119;22;24m▀[0m [0m [0m [0m [0m
                                                               [0m [38;2;139;35;29m[48;2;137;42;33m▀[38;2;133;31;26m[48;2;126;30;34m▀[38;2;143;87;60m[48;2;130;28;15m▀[38;2;209;59;44m[48;2;183;53;27m▀[38;2;205;57;31m[48;2;214;152;38m▀[38;2;255;189;45m[48;2;175;121;31m▀[38;2;179;114;35m[48;2;71;19;33m▀[38;2;46;12;35m[48;2;23;11;31m▀[38;2;106;33;18m[48;2;149;50;22m▀[38;2;157;16;34m[48;2;163;62;27m▀[38;2;162;54;27m[48;2;190;94;25m▀[38;2;131;30;22m[48;2;214;124;28m▀[38;2;0;0;0m[48;2;109;21;21m▀[0m [0m [0m
                                                               [38;2;98;21;15m[48;2;133;64;30m▀[38;2;190;107;38m[48;2;216;145;38m▀[38;2;156;67;34m[48;2;203;119;39m▀[38;2;105;27;32m[48;2;171;99;33m▀[38;2;82;59;22m[48;2;116;70;35m▀[38;2;176;120;27m[48;2;242;181;51m▀[38;2;159;53;30m[48;2;204;48;26m▀[38;2;54;3;31m[48;2;156;23;27m▀[38;2;130;29;23m[48;2;93;16;32m▀[38;2;138;33;26m[48;2;177;96;19m▀[38;2;233;165;30m[48;2;238;176;28m▀[38;2;176;81;29m[48;2;176;101;34m▀[38;2;254;185;35m[48;2;144;99;32m▀[38;2;161;88;26m[48;2;89;64;15m▀[38;2;57;11;11m[48;2;7;15;7m▀[0m [0m
                                                               [38;2;90;42;26m[48;2;0;0;0m▀[38;2;102;68;22m[48;2;0;0;0m▀[38;2;130;70;34m[48;2;0;0;0m▀[38;2;108;80;22m[48;2;118;12;23m▀[38;2;188;135;44m[48;2;197;133;43m▀[38;2;244;184;50m[48;2;246;192;48m▀[38;2;167;49;29m[48;2;177;103;34m▀[38;2;180;29;29m[48;2;162;28;28m▀[38;2;110;23;30m[48;2;116;24;35m▀[38;2;101;56;27m[48;2;61;7;47m▀[38;2;100;75;14m[48;2;72;15;34m▀[38;2;74;42;35m[48;2;0;0;0m▀[38;2;80;11;20m[48;2;95;20;25m▀[38;2;136;22;25m[48;2;65;22;27m▀[38;2;144;29;20m[48;2;141;28;29m▀[38;2;0;1;0m[48;2;144;24;18m▀[0m
                                                               [0m [0m [38;2;124;57;20m[48;2;0;0;63m▀[38;2;102;25;24m[48;2;135;51;28m▀[38;2;130;66;22m[48;2;185;26;30m▀[38;2;243;173;36m[48;2;126;64;22m▀[38;2;187;108;33m[48;2;185;101;16m▀[38;2;139;15;29m[48;2;122;61;27m▀[38;2;90;22;39m[48;2;188;36;30m▀[38;2;175;24;27m[48;2;226;31;22m▀[38;2;118;12;36m[48;2;101;20;30m▀[38;2;93;17;28m[48;2;150;17;34m▀[38;2;0;41;17m[48;2;149;15;27m▀[38;2;0;43;17m[48;2;141;24;31m▀[38;2;142;25;32m[48;2;189;34;32m▀[38;2;143;20;20m[48;2;115;40;19m▀[0m
                                                               [0m [0m [0m [38;2;150;0;0m[48;2;107;86;49m▀[38;2;120;12;29m[48;2;137;37;28m▀[38;2;69;3;40m[48;2;130;16;36m▀[38;2;81;42;19m[48;2;18;13;39m▀[38;2;153;96;16m[48;2;0;0;0m▀[38;2;143;27;23m[48;2;7;21;21m▀[38;2;150;11;32m[48;2;109;17;30m▀[38;2;88;29;30m[48;2;126;14;30m▀[38;2;153;76;19m[48;2;56;52;8m▀[38;2;171;48;26m[48;2;109;81;9m▀[38;2;164;43;24m[48;2;63;74;5m▀[38;2;124;51;21m[48;2;0;0;0m▀[0m [0m
                                                               [0m [0m [0m [38;2;113;81;47m[48;2;0;0;0m▀[38;2;143;67;44m[48;2;0;0;0m▀[38;2;80;20;26m[48;2;0;0;0m▀[0m [0m [38;2;117;76;38m[48;2;0;0;0m▀[38;2;146;58;39m[48;2;0;56;0m▀[38;2;136;49;36m[48;2;0;95;0m▀[0m [0m [0m [0m [0m [0m[0m
[9F                                                               [0m [0m [0m [0m [0m [0m [0m [0m [0m [0m [0m [0m [0m [0m [0m [0m [0m
                                                               [0m [0m [38;2;0;0;0m[48;2;102;54;30m▀[38;2;84;23;30m[48;2;79;38;34m▀[38;2;86;27;37m[48;2;108;24;39m▀[38;2;100;88;43m[48;2;138;44;38m▀[38;2;130;84;51m[48;2;115;43;35m▀[38;2;106;106;57m[48;2;89;53;38m▀[0m [0m [0m [0m [0m [0m [0m [0m [0m
                                                               [0m [38;2;85;113;28m[48;2;124;53;17m▀[38;2;158;47;32m[48;2;140;29;21m▀[38;2;132;37;36m[48;2;101;36;48m▀[38;2;144;38;26m[48;2;153;151;150m▀[38;2;209;50;31m[48;2;187;60;40m▀[38;2;175;140;125m[48;2;205;54;46m▀[38;2;139;78;62m[48;2;221;133;41m▀[0m [38;2;113;119;65m[48;2;126;28;28m▀[38;2;106;70;33m[48;2;172;31;35m▀[38;2;0;0;0m[48;2;132;27;22m▀[38;2;0;0;0m[48;2;110;20;27m▀[0m [0m [0m [0m
                                                               [0m [38;2;117;28;25m[48;2;135;55;30m▀[38;2;160;29;24m[48;2;157;31;29m▀[38;2;107;43;31m[48;2;109;19;26m▀[38;2;237;141;78m[48;2;142;113;18m▀[38;2;201;73;40m[48;2;187;130;32m▀[38;2;187;85;37m[48;2;162;103;43m▀[38;2;165;117;33m[48;2;53;18;26m▀[0m [38;2;129;32;21m[48;2;145;42;26m▀[38;2;150;28;27m[48;2;193;108;24m▀[38;2;190;90;23m[48;2;184;93;29m▀[38;2;149;50;22m[48;2;255;179;38m▀[38;2;47;0;18m[48;2;129;51;21m▀[0m [0m [0m
                                                               [38;2;90;13;13m[48;2;121;52;29m▀[38;2;217;131;36m[48;2;182;123;35m▀[38;2;152;70;35m[48;2;181;101;37m▀[38;2;115;20;35m[48;2;147;96;31m▀[38;2;78;29;39m[48;2;162;111;46m▀[38;2;197;141;36m[48;2;247;185;54m▀[38;2;180;48;29m[48;2;186;40;23m▀[38;2;85;7;25m[48;2;187;28;26m▀[38;2;122;21;26m[48;2;83;20;30m▀[38;2;159;68;23m[48;2;165;102;17m▀[38;2;255;188;33m[48;2;200;149;27m▀[38;2;184;91;32m[48;2;112;60;28m▀[38;2;213;155;36m[48;2;35;0;20m▀[38;2;123;69;23m[48;2;119;16;16m▀[0m [0m [0m
                                                               [38;2;65;26;17m[48;2;0;0;0m▀[0m [38;2;65;32;20m[48;2;0;1;0m▀[38;2;53;53;23m[48;2;0;0;0m▀[38;2;218;161;50m[48;2;173;130;37m▀[38;2;245;183;48m[48;2;252;189;49m▀[38;2;160;71;31m[48;2;194;118;36m▀[38;2;151;21;25m[48;2;170;23;25m▀[38;2;119;23;31m[48;2;80;18;37m▀[38;2;51;16;41m[48;2;116;15;36m▀[38;2;27;5;25m[48;2;100;16;35m▀[38;2;0;0;0m[48;2;65;30;25m▀[38;2;93;23;22m[48;2;27;19;23m▀[38;2;103;25;26m[48;2;0;26;15m▀[38;2;153;30;25m[48;2;134;22;29m▀[38;2;92;46;11m[48;2;130;19;15m▀[0m
                                                               [0m [0m [0m [38;2;156;49;24m[48;2;149;40;24m▀[38;2;149;38;24m[48;2;178;23;29m▀[38;2;200;123;22m[48;2;74;16;33m▀[38;2;198;112;26m[48;2;137;75;12m▀[38;2;106;22;26m[48;2;147;87;16m▀[38;2;144;27;32m[48;2;187;32;23m▀[38;2;215;29;18m[48;2;196;19;25m▀[38;2;106;9;30m[48;2;92;32;28m▀[38;2;123;9;30m[48;2;164;56;26m▀[38;2;117;24;24m[48;2;184;28;29m▀[38;2;113;23;30m[48;2;189;35;30m▀[38;2;172;27;29m[48;2;141;43;23m▀[38;2;108;30;15m[48;2;14;85;28m▀[0m
                                                               [0m [0m [0m [38;2;0;31;31m[48;2;117;88;53m▀[38;2;87;15;21m[48;2;153;63;41m▀[38;2;108;12;41m[48;2;111;19;28m▀[38;2;28;6;35m[48;2;33;22;33m▀[38;2;81;86;20m[48;2;0;0;0m▀[38;2;82;21;21m[48;2;95;75;40m▀[38;2;105;6;31m[48;2;138;42;32m▀[38;2;98;13;30m[48;2;145;37;34m▀[38;2;120;81;11m[48;2;0;0;39m▀[38;2;136;72;15m[48;2;0;0;0m▀[38;2;112;62;15m[48;2;0;0;0m▀[0m [0m [0m
                                                               [0m [0m [0m [0m [38;2;91;78;48m[48;2;0;0;0m▀[0m [0m [0m [0m [38;2;98;76;41m[48;2;0;0;0m▀[38;2;76;68;38m[48;2;0;0;0m▀[0m [0m [0m [0m [0m [0m[0m
[9F                                                               [0m [0m [0m [0m [0m [0m [38;2;0;0;0m[48;2;124;36;26m▀[38;2;0;0;0m[48;2;123;19;35m▀[38;2;0;0;0m[48;2;76;14;28m▀[0m [38;2;0;0;0m[48;2;191;207;183m▀[0m [0m [0m [0m [0m [0m
                                                               [0m [0m [0m [38;2;0;0;0m[48;2;88;40;25m▀[38;2;123;93;48m[48;2;106;46;45m▀[38;2;83;53;39m[48;2;93;8;15m▀[38;2;115;12;37m[48;2;140;61;51m▀[38;2;111;27;44m[48;2;140;83;60m▀[38;2;85;15;20m[48;2;89;0;27m▀[38;2;235;235;225m[48;2;128;101;95m▀[38;2;214;219;211m[48;2;224;231;222m▀[0m [0m [0m [0m [0m [0m
                                                               [0m [0m [38;2;102;42;33m[48;2;103;139;134m▀[38;2;179;48;43m[48;2;191;95;73m▀[38;2;192;38;31m[48;2;219;38;16m▀[38;2;176;59;54m[48;2;133;159;144m▀[38;2;183;56;43m[48;2;183;153;166m▀[38;2;102;37;43m[48;2;140;68;68m▀[38;2;91;30;40m[48;2;98;34;38m▀[38;2;86;46;58m[48;2;74;24;33m▀[38;2;0;5;2m[48;2;145;61;38m▀[38;2;0;0;0m[48;2;107;6;20m▀[0m [0m [0m [0m [0m
                                                               [0m [0m [38;2;147;73;57m[48;2;151;27;18m▀[38;2;215;83;51m[48;2;188;30;27m▀[38;2;199;18;21m[48;2;200;93;36m▀[38;2;191;122;91m[48;2;248;172;37m▀[38;2;248;184;87m[48;2;207;150;26m▀[38;2;164;57;30m[48;2;91;32;32m▀[38;2;81;26;40m[48;2;42;6;35m▀[38;2;104;19;28m[48;2;126;35;23m▀[38;2;167;23;38m[48;2;141;42;30m▀[38;2;145;36;25m[48;2;187;96;26m▀[38;2;125;12;21m[48;2;188;92;25m▀[38;2;0;1;0m[48;2;96;0;18m▀[0m [0m [0m
                                                               [38;2;99;44;34m[48;2;98;28;28m▀[38;2;120;35;28m[48;2;154;27;33m▀[38;2;85;24;21m[48;2;150;23;27m▀[38;2;108;61;33m[48;2;91;45;13m▀[38;2;173;121;37m[48;2;137;75;29m▀[38;2;180;122;26m[48;2;233;169;47m▀[38;2;140;52;25m[48;2;191;57;31m▀[38;2;43;0;33m[48;2;149;28;30m▀[38;2;98;22;28m[48;2;108;25;29m▀[38;2;132;27;25m[48;2;125;31;26m▀[38;2;131;50;26m[48;2;165;29;33m▀[38;2;134;64;34m[48;2;135;47;35m▀[38;2;239;179;37m[48;2;167;126;33m▀[38;2;164;79;27m[48;2;126;85;20m▀[38;2;31;0;0m[48;2;26;6;13m▀[0m [0m
                                                               [0m [38;2;13;13;26m[48;2;0;0;0m▀[38;2;142;25;31m[48;2;87;22;34m▀[38;2;149;17;29m[48;2;96;10;32m▀[38;2;189;126;48m[48;2;203;151;46m▀[38;2;240;185;51m[48;2;244;192;51m▀[38;2;176;46;26m[48;2;197;91;31m▀[38;2;166;30;33m[48;2;109;8;32m▀[38;2;162;32;29m[48;2;85;19;36m▀[38;2;170;31;32m[48;2;83;15;39m▀[38;2;73;15;27m[48;2;55;16;35m▀[38;2;104;65;30m[48;2;0;0;0m▀[38;2;70;0;26m[48;2;96;18;26m▀[38;2;147;15;25m[48;2;89;20;28m▀[38;2;125;33;18m[48;2;149;25;28m▀[38;2;0;0;0m[48;2;144;25;17m▀[0m
                                                               [0m [0m [0m [38;2;0;0;0m[48;2;174;45;27m▀[38;2;164;105;28m[48;2;169;29;25m▀[38;2;249;184;44m[48;2;159;91;19m▀[38;2;219;146;37m[48;2;227;138;17m▀[38;2;158;26;32m[48;2;164;87;23m▀[38;2;105;17;39m[48;2;177;33;31m▀[38;2;143;22;33m[48;2;224;36;25m▀[38;2;108;13;39m[48;2;103;11;29m▀[38;2;79;16;29m[48;2;134;9;33m▀[38;2;0;18;24m[48;2;134;17;26m▀[38;2;0;0;18m[48;2;117;24;32m▀[38;2;131;18;31m[48;2;181;30;33m▀[38;2;144;19;22m[48;2;124;32;19m▀[0m
                                                               [0m [0m [0m [38;2;150;25;15m[48;2;85;70;42m▀[38;2;147;16;33m[48;2;111;18;22m▀[38;2;62;5;37m[48;2;124;13;39m▀[38;2;113;57;13m[48;2;19;0;37m▀[38;2;163;95;14m[48;2;0;0;51m▀[38;2;163;32;25m[48;2;54;7;19m▀[38;2;178;17;32m[48;2;98;9;31m▀[38;2;89;30;29m[48;2;108;8;31m▀[38;2;161;66;23m[48;2;106;72;7m▀[38;2;183;36;30m[48;2;129;80;13m▀[38;2;187;40;31m[48;2;107;65;10m▀[38;2;143;45;23m[48;2;0;92;0m▀[0m [0m
                                                               [0m [0m [0m [38;2;107;76;41m[48;2;0;0;0m▀[38;2;148;58;37m[48;2;0;51;0m▀[38;2;98;15;27m[48;2;0;0;0m▀[0m [0m [38;2;114;74;39m[48;2;88;66;33m▀[38;2;145;46;34m[48;2;64;60;37m▀[38;2;147;41;36m[48;2;68;68;40m▀[0m [0m [0m [0m [0m [0m[0m
[9F                                                               [0m [0m [0m [0m [0m [0m [38;2;0;0;0m[48;2;130;24;27m▀[38;2;0;56;0m[48;2;122;15;36m▀[38;2;79;7;15m[48;2;77;15;30m▀[0m [38;2;0;0;0m[48;2;205;220;201m▀[0m [0m [0m [0m [0m [0m
                                                               [0m [0m [38;2;0;0;1m[48;2;85;13;0m▀[38;2;0;2;0m[48;2;107;32;24m▀[38;2;115;78;49m[48;2;123;40;45m▀[38;2;70;34;32m[48;2;119;5;14m▀[38;2;112;18;41m[48;2;154;66;47m▀[38;2;113;44;49m[48;2;138;78;57m▀[38;2;99;10;22m[48;2;94;0;33m▀[38;2;198;174;165m[48;2;98;58;61m▀[38;2;217;222;217m[48;2;227;237;227m▀[0m [0m [0m [0m [0m [0m
                                                               [0m [0m [38;2;104;56;50m[48;2;101;131;124m▀[38;2;199;62;55m[48;2;184;97;70m▀[38;2;213;41;26m[48;2;213;32;17m▀[38;2;171;85;77m[48;2;133;160;144m▀[38;2;180;64;58m[48;2;191;166;172m▀[38;2;100;38;46m[48;2;147;69;65m▀[38;2;99;41;44m[48;2;99;34;39m▀[38;2;79;31;48m[48;2;74;20;32m▀[38;2;0;2;0m[48;2;145;57;37m▀[38;2;0;0;0m[48;2;121;12;24m▀[0m [0m [0m [0m [0m
                                                               [0m [0m [38;2;157;52;37m[48;2;144;25;18m▀[38;2;224;69;43m[48;2;158;28;27m▀[38;2;197;25;23m[48;2;207;128;41m▀[38;2;220;128;74m[48;2;232;172;33m▀[38;2;254;184;65m[48;2;176;119;24m▀[38;2;155;55;25m[48;2;71;15;35m▀[38;2;82;30;42m[48;2;42;3;35m▀[38;2;93;16;27m[48;2;135;39;22m▀[38;2;164;20;36m[48;2;139;45;29m▀[38;2;150;41;26m[48;2;186;99;26m▀[38;2;128;18;20m[48;2;196;103;27m▀[38;2;0;0;0m[48;2;102;0;20m▀[0m [0m [0m
                                                               [38;2;108;37;31m[48;2;110;22;28m▀[38;2;141;31;29m[48;2;154;25;33m▀[38;2;73;20;20m[48;2;157;24;27m▀[38;2;112;94;40m[48;2;102;3;11m▀[38;2;154;104;30m[48;2;155;94;35m▀[38;2;185;117;27m[48;2;242;179;52m▀[38;2;141;42;27m[48;2;186;47;31m▀[38;2;41;0;33m[48;2;160;34;31m▀[38;2;112;26;26m[48;2;110;24;30m▀[38;2;125;24;25m[48;2;126;32;26m▀[38;2;132;47;26m[48;2;167;28;34m▀[38;2;130;57;33m[48;2;139;48;36m▀[38;2;235;179;37m[48;2;170;127;31m▀[38;2;174;92;29m[48;2;132;93;21m▀[38;2;36;0;12m[48;2;37;13;13m▀[0m [0m
                                                               [0m [38;2;0;6;26m[48;2;0;0;0m▀[38;2;146;24;32m[48;2;63;18;31m▀[38;2;153;22;32m[48;2;77;13;29m▀[38;2;200;144;51m[48;2;215;162;48m▀[38;2;235;175;48m[48;2;243;188;49m▀[38;2;173;41;26m[48;2;192;78;30m▀[38;2;156;29;33m[48;2;104;7;33m▀[38;2;165;32;28m[48;2;74;17;37m▀[38;2;167;29;32m[48;2;81;15;40m▀[38;2;62;17;27m[48;2;54;15;34m▀[38;2;104;65;30m[48;2;0;0;0m▀[38;2;68;0;22m[48;2;97;18;26m▀[38;2;142;12;25m[48;2;87;20;28m▀[38;2;132;34;23m[48;2;145;25;28m▀[38;2;0;0;0m[48;2;145;26;17m▀[0m
                                                               [0m [0m [0m [38;2;0;0;0m[48;2;181;39;27m▀[38;2;170;100;25m[48;2;171;28;28m▀[38;2;248;182;41m[48;2;148;88;18m▀[38;2;212;129;34m[48;2;227;134;15m▀[38;2;145;19;33m[48;2;149;76;24m▀[38;2;116;21;39m[48;2;186;33;30m▀[38;2;154;22;32m[48;2;217;33;25m▀[38;2;105;12;38m[48;2;98;10;30m▀[38;2;75;16;29m[48;2;137;9;32m▀[38;2;5;15;26m[48;2;131;17;26m▀[38;2;0;0;18m[48;2;116;22;31m▀[38;2;130;18;32m[48;2;183;29;33m▀[38;2;144;20;22m[48;2;127;29;18m▀[0m
                                                               [0m [0m [0m [38;2;138;12;12m[48;2;103;63;39m▀[38;2;123;12;36m[48;2;126;19;23m▀[38;2;57;5;37m[48;2;115;13;40m▀[38;2;122;64;12m[48;2;0;0;36m▀[38;2;153;85;16m[48;2;0;0;0m▀[38;2;157;27;25m[48;2;39;3;19m▀[38;2;163;15;33m[48;2;99;9;33m▀[38;2;90;35;28m[48;2;99;9;29m▀[38;2;167;65;24m[48;2;116;77;6m▀[38;2;184;36;31m[48;2;142;84;13m▀[38;2;188;41;32m[48;2;107;64;8m▀[38;2;142;44;24m[48;2;0;72;0m▀[38;2;77;61;15m[48;2;0;0;0m▀[0m
                                                               [0m [0m [0m [38;2;114;75;40m[48;2;0;0;0m▀[38;2;145;51;36m[48;2;0;0;0m▀[38;2;75;7;25m[48;2;0;0;0m▀[0m [0m [38;2;118;66;37m[48;2;90;57;32m▀[38;2;153;45;35m[48;2;67;62;35m▀[38;2;143;38;36m[48;2;89;72;44m▀[0m [0m [0m [0m [0m [0m[0m
[9F                                                               [0m [0m [0m [38;2;0;0;0m[48;2;93;26;28m▀[38;2;0;0;0m[48;2;104;30;30m▀[0m [38;2;0;0;0m[48;2;134;122;68m▀[0m [0m [0m [0m [0m [0m [0m [0m [0m [0m
                                                               [0m [0m [38;2;0;109;36m[48;2;153;51;32m▀[38;2;57;31;29m[48;2;111;43;34m▀[38;2;84;26;44m[48;2;125;17;22m▀[38;2;102;49;36m[48;2;184;46;38m▀[38;2;134;59;38m[48;2;139;66;56m▀[38;2;104;69;41m[48;2;92;55;47m▀[38;2;1;2;0m[48;2;86;51;40m▀[0m [0m [0m [0m [0m [0m [0m [0m
                                                               [0m [38;2;70;61;8m[48;2;103;29;18m▀[38;2;154;38;27m[48;2;144;27;22m▀[38;2;115;28;36m[48;2;95;31;36m▀[38;2;130;89;78m[48;2;196;155;149m▀[38;2;204;53;25m[48;2;182;64;52m▀[38;2;209;126;111m[48;2;190;29;26m▀[38;2;178;110;81m[48;2;231;133;36m▀[38;2;119;66;20m[48;2;167;157;36m▀[38;2;99;155;127m[48;2;90;10;20m▀[38;2;130;85;48m[48;2;172;27;35m▀[38;2;103;18;9m[48;2;143;30;24m▀[38;2;0;0;0m[48;2;121;24;22m▀[0m [0m [0m [0m
                                                               [38;2;127;31;21m[48;2;113;32;17m▀[38;2;112;31;29m[48;2;174;88;36m▀[38;2;173;31;26m[48;2;129;20;28m▀[38;2;112;37;24m[48;2;104;9;30m▀[38;2;221;139;33m[48;2;82;65;28m▀[38;2;218;114;37m[48;2;175;124;31m▀[38;2;182;100;43m[48;2;164;95;39m▀[38;2;145;102;34m[48;2;48;10;25m▀[38;2;0;0;0m[48;2;130;62;17m▀[38;2;130;48;25m[48;2;136;25;27m▀[38;2;141;26;27m[48;2;193;114;24m▀[38;2;176;74;22m[48;2;171;74;25m▀[38;2;175;77;22m[48;2;255;181;37m▀[38;2;93;0;22m[48;2;149;63;23m▀[0m [0m [0m
                                                               [38;2;153;78;28m[48;2;116;60;29m▀[38;2;231;149;40m[48;2;142;98;30m▀[38;2;173;93;37m[48;2;158;87;36m▀[38;2;129;48;37m[48;2;139;101;27m▀[38;2;116;62;43m[48;2;187;138;48m▀[38;2;229;168;44m[48;2;242;181;51m▀[38;2;187;42;28m[48;2;182;43;24m▀[38;2;101;10;25m[48;2;193;29;25m▀[38;2;112;19;28m[48;2;81;16;30m▀[38;2;156;65;21m[48;2;156;95;18m▀[38;2;255;192;33m[48;2;212;157;25m▀[38;2;197;105;32m[48;2;134;76;29m▀[38;2;202;139;35m[48;2;54;23;27m▀[38;2;154;100;26m[48;2;92;9;9m▀[38;2;47;15;11m[48;2;56;28;9m▀[0m [0m
                                                               [0m [0m [38;2;0;0;5m[48;2;1;1;0m▀[0m [38;2;220;161;49m[48;2;183;129;34m▀[38;2;245;183;47m[48;2;251;186;47m▀[38;2;159;74;31m[48;2;185;100;32m▀[38;2;153;22;25m[48;2;166;21;26m▀[38;2;127;24;31m[48;2;74;17;37m▀[38;2;51;15;42m[48;2;117;15;37m▀[38;2;33;8;24m[48;2;90;17;36m▀[38;2;0;0;0m[48;2;58;40;25m▀[38;2;93;24;23m[48;2;58;17;26m▀[38;2;104;26;25m[48;2;7;23;18m▀[38;2;149;27;25m[48;2;119;22;27m▀[38;2;127;36;12m[48;2;142;24;20m▀[0m
                                                               [0m [0m [0m [38;2;175;39;26m[48;2;162;33;18m▀[38;2;159;40;24m[48;2;147;16;34m▀[38;2;197;126;21m[48;2;60;15;32m▀[38;2;184;93;26m[48;2;145;83;10m▀[38;2;97;19;28m[48;2;146;82;19m▀[38;2;153;29;31m[48;2;194;29;24m▀[38;2;210;27;18m[48;2;190;19;24m▀[38;2;106;6;30m[48;2;91;30;29m▀[38;2;114;9;29m[48;2;164;44;28m▀[38;2;96;33;23m[48;2;176;20;29m▀[38;2;64;30;27m[48;2;174;28;31m▀[38;2;158;24;30m[48;2;171;36;27m▀[38;2;134;23;17m[48;2;98;52;18m▀[0m
                                                               [0m [0m [0m [38;2;48;36;24m[48;2;123;81;48m▀[38;2;110;16;23m[48;2;154;50;38m▀[38;2;96;12;42m[48;2;78;13;26m▀[38;2;7;13;28m[48;2;46;92;23m▀[38;2;87;83;20m[48;2;0;0;0m▀[38;2;86;16;20m[48;2;99;66;36m▀[38;2;101;7;33m[48;2;157;33;31m▀[38;2;93;20;29m[48;2;141;23;30m▀[38;2;140;85;11m[48;2;0;0;18m▀[38;2;145;64;18m[48;2;0;31;0m▀[38;2;137;54;18m[48;2;0;0;0m▀[38;2;82;59;19m[48;2;0;0;0m▀[0m [0m
                                                               [0m [0m [0m [0m [38;2;60;66;42m[48;2;0;0;0m▀[0m [0m [0m [38;2;109;74;39m[48;2;0;0;0m▀[38;2;110;61;39m[48;2;0;0;0m▀[38;2;103;54;35m[48;2;0;0;0m▀[0m [0m [0m [0m [0m [0m[0m
[9F                                                               [0m [0m [0m [0m [0m [0m [38;2;0;2;0m[48;2;119;26;38m▀[38;2;104;26;28m[48;2;101;23;39m▀[38;2;71;17;22m[48;2;55;24;18m▀[0m [0m [0m [0m [0m [0m [0m [0m
                                                               [0m [0m [0m [38;2;0;2;0m[48;2;102;65;34m▀[38;2;105;77;50m[48;2;130;44;45m▀[38;2;75;20;30m[48;2;153;28;25m▀[38;2;135;66;60m[48;2;172;52;35m▀[38;2;123;67;55m[48;2;109;42;46m▀[38;2;92;9;35m[48;2;83;31;41m▀[38;2;74;49;31m[48;2;54;12;18m▀[0m [0m [0m [0m [0m [0m [0m
                                                               [0m [38;2;0;170;85m[48;2;123;71;39m▀[38;2;0;22;0m[48;2;109;52;29m▀[38;2;126;49;44m[48;2;122;130;112m▀[38;2;227;47;28m[48;2;208;61;37m▀[38;2;179;106;93m[48;2;203;80;86m▀[38;2;111;85;90m[48;2;168;146;82m▀[38;2;164;24;28m[48;2;202;82;31m▀[38;2;104;51;44m[48;2;85;28;37m▀[38;2;54;27;32m[48;2;80;43;30m▀[38;2;91;127;54m[48;2;155;42;36m▀[38;2;0;0;0m[48;2;131;24;26m▀[0m [0m [0m [0m [0m
                                                               [38;2;95;31;0m[48;2;110;28;22m▀[38;2;138;29;32m[48;2;157;62;38m▀[38;2;128;26;26m[48;2;125;35;35m▀[38;2;150;53;31m[48;2;118;24;20m▀[38;2;213;54;40m[48;2;161;71;23m▀[38;2;218;97;30m[48;2;197;148;35m▀[38;2;255;188;38m[48;2;140;79;30m▀[38;2;146;89;35m[48;2;51;4;35m▀[38;2;40;6;35m[48;2;43;26;30m▀[38;2;103;37;18m[48;2;149;44;23m▀[38;2;150;16;32m[48;2;174;80;26m▀[38;2;173;65;26m[48;2;188;92;27m▀[38;2;139;37;22m[48;2;230;146;30m▀[38;2;45;0;15m[48;2;125;36;23m▀[0m [0m [0m
                                                               [38;2;140;67;25m[48;2;145;81;33m▀[38;2;220;135;41m[48;2;189;126;34m▀[38;2;173;87;31m[48;2;206;124;41m▀[38;2;112;39;35m[48;2;152;96;27m▀[38;2;84;57;26m[48;2;152;104;42m▀[38;2;200;135;33m[48;2;245;182;53m▀[38;2;168;45;31m[48;2;198;36;24m▀[38;2;63;6;27m[48;2;172;29;28m▀[38;2;137;22;24m[48;2;84;15;33m▀[38;2;138;42;26m[48;2;175;102;17m▀[38;2;246;180;31m[48;2;235;173;28m▀[38;2;177;83;30m[48;2;172;100;34m▀[38;2;242;177;34m[48;2;130;85;32m▀[38;2;172;104;28m[48;2;74;54;7m▀[38;2;56;17;17m[48;2;24;18;12m▀[0m [0m
                                                               [38;2;47;17;17m[48;2;0;0;0m▀[0m [38;2;89;46;31m[48;2;86;38;9m▀[38;2;87;50;23m[48;2;126;22;25m▀[38;2;212;152;48m[48;2;196;142;42m▀[38;2;242;178;46m[48;2;246;189;47m▀[38;2;155;46;30m[48;2;173;89;32m▀[38;2;177;31;29m[48;2;169;27;29m▀[38;2;122;24;30m[48;2;95;21;37m▀[38;2;79;38;32m[48;2;80;9;46m▀[38;2;63;41;15m[48;2;75;17;35m▀[38;2;59;31;36m[48;2;0;127;0m▀[38;2;89;15;21m[48;2;91;19;26m▀[38;2;126;22;25m[48;2;55;22;26m▀[38;2;147;28;22m[48;2;133;27;29m▀[38;2;63;63;0m[48;2;146;25;20m▀[0m
                                                               [0m [0m [38;2;94;47;20m[48;2;0;0;0m▀[38;2;97;29;25m[48;2;177;44;27m▀[38;2;150;63;20m[48;2;172;19;34m▀[38;2;232;163;31m[48;2;103;50;22m▀[38;2;175;83;30m[48;2;177;98;14m▀[38;2;109;12;30m[48;2;124;63;25m▀[38;2;107;25;36m[48;2;202;34;27m▀[38;2;192;26;24m[48;2;212;27;23m▀[38;2;116;10;36m[48;2;96;22;31m▀[38;2;97;17;29m[48;2;158;20;33m▀[38;2;5;43;16m[48;2;149;13;27m▀[38;2;0;43;21m[48;2;147;25;32m▀[38;2;147;26;33m[48;2;190;35;32m▀[38;2;142;21;21m[48;2;113;38;19m▀[0m
                                                               [0m [0m [0m [38;2;12;0;0m[48;2;122;81;47m▀[38;2;95;10;30m[48;2;151;35;29m▀[38;2;72;5;41m[48;2;107;15;33m▀[38;2;75;45;21m[48;2;0;18;37m▀[38;2;146;93;19m[48;2;0;0;0m▀[38;2;128;23;23m[48;2;28;40;28m▀[38;2;129;8;34m[48;2;122;20;32m▀[38;2;89;32;29m[48;2;121;14;29m▀[38;2;154;79;18m[48;2;54;54;4m▀[38;2;172;55;25m[48;2;118;85;9m▀[38;2;157;46;22m[48;2;52;69;0m▀[38;2;113;53;19m[48;2;0;0;0m▀[0m [0m
                                                               [0m [0m [0m [38;2;114;81;44m[48;2;0;0;0m▀[38;2;125;60;42m[48;2;0;0;0m▀[38;2;39;9;19m[48;2;0;0;0m▀[0m [0m [38;2;118;69;40m[48;2;0;0;0m▀[38;2;150;60;41m[48;2;0;0;0m▀[38;2;132;50;37m[48;2;0;102;0m▀[0m [0m [0m [0m [0m [0m[0m
[?25h[0m

Script terminado en 2026-08-19 10:52:41+01:00 [CÓDIGO_SALIDA_ORDEN="0"]
