Script iniciado en 2026-08-19 10:52:41+01:00 [COMMAND="/home/chegusan/.local/bin/hermes pets show jorgito --state waiting --once" <no ejecutado en terminal>]
[?25lJorgito — mode=unicode  (Ctrl+C to stop)
                                                               [0m [0m [0m [38;2;0;0;0m[48;2;132;96;45m▀[38;2;0;0;0m[48;2;107;63;34m▀[38;2;111;63;31m[48;2;135;14;36m▀[38;2;134;22;31m[48;2;117;13;41m▀[38;2;88;13;27m[48;2;56;11;26m▀[0m [0m [0m [0m [0m [0m [0m [0m [0m
                                                               [0m [38;2;0;0;0m[48;2;132;21;14m▀[38;2;78;63;44m[48;2;149;39;34m▀[38;2;103;58;47m[48;2;158;34;37m▀[38;2;72;16;25m[48;2;169;20;17m▀[38;2;121;43;51m[48;2;182;57;39m▀[38;2;141;86;62m[48;2;114;55;49m▀[38;2;105;7;31m[48;2;90;6;41m▀[38;2;93;23;33m[48;2;81;18;37m▀[0m [0m [0m [0m [0m [0m [0m [0m
                                                               [0m [38;2;119;63;63m[48;2;105;112;98m▀[38;2;226;56;39m[48;2;197;57;31m▀[38;2;230;54;38m[48;2;232;68;61m▀[38;2;120;95;94m[48;2;96;130;102m▀[38;2;142;35;46m[48;2;136;81;50m▀[38;2;138;25;28m[48;2;193;36;30m▀[38;2;107;54;48m[48;2;93;28;42m▀[38;2;73;7;36m[48;2;83;15;34m▀[38;2;101;92;39m[48;2;160;40;36m▀[38;2;0;0;0m[48;2;150;21;28m▀[38;2;0;0;0m[48;2;122;15;26m▀[0m [0m [0m [0m [0m
                                                               [38;2;55;12;8m[48;2;0;0;25m▀[38;2;189;52;31m[48;2;148;16;21m▀[38;2;218;48;34m[48;2;181;50;21m▀[38;2;189;10;21m[48;2;176;90;26m▀[38;2;182;44;33m[48;2;176;110;29m▀[38;2;234;143;36m[48;2;150;91;26m▀[38;2;158;74;36m[48;2;63;9;32m▀[38;2;73;22;39m[48;2;40;1;34m▀[38;2;92;19;29m[48;2;141;22;19m▀[38;2;144;13;33m[48;2;165;70;23m▀[38;2;166;51;28m[48;2;167;60;23m▀[38;2;155;46;22m[48;2;232;155;30m▀[38;2;114;0;22m[48;2;155;54;21m▀[0m [0m [0m [0m
                                                               [0m [0m [38;2;140;108;21m[48;2;0;0;0m▀[38;2;151;100;21m[48;2;179;127;37m▀[38;2;199;124;23m[48;2;248;181;52m▀[38;2;157;47;25m[48;2;204;44;29m▀[38;2;57;0;31m[48;2;144;22;27m▀[38;2;116;25;28m[48;2;94;14;33m▀[38;2;134;14;27m[48;2;162;80;22m▀[38;2;222;154;28m[48;2;240;173;30m▀[38;2;189;101;30m[48;2;205;131;33m▀[38;2;219;142;33m[48;2;146;73;31m▀[38;2;237;161;34m[48;2;138;129;22m▀[38;2;110;24;22m[48;2;69;29;21m▀[0m [0m [0m
                                                               [0m [0m [38;2;66;19;12m[48;2;128;37;26m▀[38;2;214;156;51m[48;2;224;160;50m▀[38;2;240;177;49m[48;2;250;189;47m▀[38;2;175;44;29m[48;2;162;93;35m▀[38;2;200;37;29m[48;2;162;23;27m▀[38;2;94;18;34m[48;2;139;24;31m▀[38;2;116;59;29m[48;2;74;8;42m▀[38;2;144;98;20m[48;2;68;10;36m▀[38;2;77;42;23m[48;2;0;0;85m▀[38;2;55;11;24m[48;2;129;22;31m▀[38;2;136;12;22m[48;2;89;14;32m▀[38;2;148;25;25m[48;2;118;20;33m▀[38;2;104;11;0m[48;2;161;24;28m▀[0m [0m
                                                               [0m [38;2;127;36;40m[48;2;103;31;39m▀[38;2;169;29;30m[48;2;103;14;24m▀[38;2;185;121;40m[48;2;155;92;32m▀[38;2;222;167;51m[48;2;209;149;47m▀[38;2;184;53;26m[48;2;126;24;29m▀[38;2;152;23;30m[48;2;99;35;28m▀[38;2;80;15;33m[48;2;184;48;35m▀[38;2;129;20;36m[48;2;216;36;25m▀[38;2;112;19;42m[48;2;119;17;34m▀[38;2;95;17;34m[48;2;113;6;33m▀[38;2;0;7;28m[48;2;145;12;28m▀[38;2;0;0;21m[48;2;114;24;37m▀[38;2;31;3;31m[48;2;158;25;37m▀[38;2;155;22;30m[48;2;165;27;24m▀[38;2;79;10;10m[48;2;34;25;8m▀[0m
                                                               [0m [0m [38;2;147;22;22m[48;2;96;30;27m▀[38;2;126;27;35m[48;2;112;15;37m▀[38;2;174;110;25m[48;2;86;18;39m▀[38;2;197;125;25m[48;2;135;73;22m▀[38;2;157;73;26m[48;2;132;69;24m▀[38;2;200;32;28m[48;2;92;6;30m▀[38;2;189;28;27m[48;2;115;13;40m▀[38;2;93;16;37m[48;2;68;11;34m▀[38;2;130;56;26m[48;2;114;71;11m▀[38;2;185;38;30m[48;2;145;81;24m▀[38;2;190;35;37m[48;2;134;68;24m▀[38;2;183;43;31m[48;2;93;58;17m▀[38;2;120;43;19m[48;2;0;0;0m▀[0m [0m
                                                               [0m [38;2;95;64;34m[48;2;0;0;0m▀[38;2;127;71;42m[48;2;0;0;0m▀[38;2;118;32;29m[48;2;0;0;0m▀[38;2;78;12;40m[48;2;0;0;0m▀[38;2;0;0;42m[48;2;1;1;0m▀[38;2;98;58;44m[48;2;86;54;27m▀[38;2;128;50;39m[48;2;125;78;44m▀[38;2;158;45;44m[48;2;121;78;46m▀[38;2;105;20;30m[48;2;48;36;36m▀[0m [0m [0m [0m [0m [0m [0m[0m
[9F                                                               [0m [0m [0m [0m [0m [38;2;0;0;0m[48;2;138;14;32m▀[38;2;103;24;12m[48;2;117;5;32m▀[38;2;91;14;24m[48;2;66;9;30m▀[0m [0m [0m [0m [0m [0m [0m [0m [0m
                                                               [0m [38;2;0;0;1m[48;2;92;13;0m▀[38;2;0;1;0m[48;2;106;33;29m▀[38;2;121;81;53m[48;2;119;36;41m▀[38;2;75;23;33m[48;2;125;8;12m▀[38;2;120;23;44m[48;2;162;72;49m▀[38;2;111;49;47m[48;2;131;72;54m▀[38;2;95;6;20m[48;2;94;0;34m▀[38;2;95;23;23m[48;2;79;20;31m▀[0m [0m [0m [0m [0m [0m [0m [0m
                                                               [0m [38;2;138;38;35m[48;2;88;111;107m▀[38;2;214;45;36m[48;2;207;61;40m▀[38;2;204;33;24m[48;2;198;30;19m▀[38;2;156;54;52m[48;2;64;130;99m▀[38;2;168;31;37m[48;2;195;129;123m▀[38;2;104;24;30m[48;2;168;17;13m▀[38;2;96;36;42m[48;2;91;30;42m▀[38;2;66;2;31m[48;2;83;18;36m▀[38;2;31;143;47m[48;2;156;49;34m▀[38;2;0;0;0m[48;2;153;14;24m▀[0m [0m [0m [0m [0m [0m
                                                               [38;2;54;7;7m[48;2;12;0;0m▀[38;2;152;60;40m[48;2;159;19;16m▀[38;2;220;62;38m[48;2;201;31;21m▀[38;2;193;12;15m[48;2;177;45;20m▀[38;2;152;57;42m[48;2;187;79;26m▀[38;2;238;141;55m[48;2;178;111;23m▀[38;2;173;65;27m[48;2;83;27;30m▀[38;2;82;26;38m[48;2;42;0;32m▀[38;2;95;11;30m[48;2;116;24;21m▀[38;2;155;8;31m[48;2;151;47;22m▀[38;2;160;39;27m[48;2;167;56;20m▀[38;2;148;29;19m[48;2;224;137;25m▀[38;2;127;0;34m[48;2;134;27;18m▀[0m [0m [0m [0m
                                                               [0m [0m [38;2;145;81;17m[48;2;0;0;0m▀[38;2;162;110;23m[48;2;146;90;24m▀[38;2;181;119;19m[48;2;238;162;41m▀[38;2;143;50;21m[48;2;199;43;25m▀[38;2;50;0;31m[48;2;109;7;24m▀[38;2;89;19;27m[48;2;106;11;28m▀[38;2;142;6;26m[48;2;152;57;22m▀[38;2;211;134;26m[48;2;252;181;29m▀[38;2;176;80;25m[48;2;226;139;33m▀[38;2;231;155;32m[48;2;162;82;30m▀[38;2;228;142;30m[48;2;170;136;34m▀[38;2;91;11;22m[48;2;76;19;22m▀[0m [0m [0m
                                                               [0m [0m [38;2;28;0;0m[48;2;88;11;20m▀[38;2;193;139;45m[48;2;213;147;45m▀[38;2;244;179;51m[48;2;251;187;46m▀[38;2;183;32;25m[48;2;159;80;30m▀[38;2;210;32;26m[48;2;159;16;23m▀[38;2;76;11;31m[48;2;143;17;27m▀[38;2;142;77;21m[48;2;68;7;38m▀[38;2;198;137;24m[48;2;51;3;30m▀[38;2;131;79;25m[48;2;0;0;0m▀[38;2;73;14;23m[48;2;110;11;25m▀[38;2;142;0;19m[48;2;92;10;28m▀[38;2;136;20;18m[48;2;135;16;30m▀[38;2;0;0;0m[48;2;160;17;22m▀[0m [0m
                                                               [0m [0m [38;2;176;27;27m[48;2;123;9;22m▀[38;2;196;117;39m[48;2;143;72;28m▀[38;2;235;179;46m[48;2;211;155;46m▀[38;2;186;76;26m[48;2;145;17;26m▀[38;2;175;18;24m[48;2;101;20;24m▀[38;2;84;8;27m[48;2;139;32;30m▀[38;2;102;11;35m[48;2;207;27;23m▀[38;2;104;14;40m[48;2;126;12;32m▀[38;2;91;16;32m[48;2;105;1;33m▀[38;2;0;0;27m[48;2;130;5;25m▀[38;2;21;0;24m[48;2;113;22;33m▀[38;2;38;0;31m[48;2;151;18;33m▀[38;2;155;15;26m[48;2;166;21;23m▀[38;2;69;0;7m[48;2;45;19;6m▀[0m
                                                               [0m [0m [38;2;138;21;26m[48;2;95;9;17m▀[38;2;144;29;28m[48;2;103;5;32m▀[38;2;188;120;24m[48;2;91;23;33m▀[38;2;187;112;22m[48;2;150;81;17m▀[38;2;145;67;17m[48;2;144;75;19m▀[38;2;208;29;24m[48;2;102;3;27m▀[38;2;210;24;21m[48;2;123;8;34m▀[38;2;111;10;35m[48;2;67;5;35m▀[38;2;117;41;27m[48;2;115;67;10m▀[38;2;184;27;26m[48;2;149;80;19m▀[38;2;187;26;32m[48;2;138;64;23m▀[38;2;192;37;29m[48;2;102;52;14m▀[38;2;129;38;17m[48;2;0;1;0m▀[0m [0m
                                                               [0m [38;2;92;63;34m[48;2;0;0;0m▀[38;2;122;68;42m[48;2;51;68;17m▀[38;2;122;30;27m[48;2;0;34;34m▀[38;2;84;5;36m[48;2;0;1;0m▀[38;2;15;0;39m[48;2;0;1;0m▀[38;2;83;43;35m[48;2;90;56;34m▀[38;2;113;34;34m[48;2;129;70;40m▀[38;2;148;29;39m[48;2;141;75;46m▀[38;2;107;13;30m[48;2;90;34;34m▀[0m [0m [0m [0m [0m [0m [0m[0m
[9F                                                               [0m [0m [0m [38;2;0;0;0m[48;2;153;96;56m▀[38;2;0;0;0m[48;2;146;95;57m▀[38;2;0;1;0m[48;2;139;7;29m▀[38;2;125;19;19m[48;2;122;2;33m▀[38;2;93;8;21m[48;2;69;4;28m▀[0m [0m [0m [0m [0m [0m [0m [0m [0m
                                                               [0m [38;2;0;1;1m[48;2;128;15;6m▀[38;2;80;67;60m[48;2;136;27;28m▀[38;2;110;60;49m[48;2;141;26;31m▀[38;2;66;20;26m[48;2;160;16;14m▀[38;2;110;19;40m[48;2;167;47;34m▀[38;2;130;70;56m[48;2;135;75;54m▀[38;2;103;9;26m[48;2;92;0;34m▀[38;2;99;14;25m[48;2;83;11;34m▀[0m [0m [0m [0m [0m [0m [0m [0m
                                                               [0m [38;2;125;51;53m[48;2;90;113;105m▀[38;2;229;52;38m[48;2;205;62;39m▀[38;2;219;31;20m[48;2;195;27;19m▀[38;2;112;55;55m[48;2;56;111;76m▀[38;2;160;43;48m[48;2;188;154;142m▀[38;2;115;9;19m[48;2;180;13;13m▀[38;2;113;54;46m[48;2;101;33;40m▀[38;2;82;1;34m[48;2;72;6;35m▀[38;2;46;92;34m[48;2;149;51;35m▀[38;2;0;0;0m[48;2;148;13;28m▀[0m [0m [0m [0m [0m [0m
                                                               [38;2;76;13;9m[48;2;26;0;8m▀[38;2;185;58;36m[48;2;167;19;19m▀[38;2;220;47;32m[48;2;195;43;20m▀[38;2;194;5;14m[48;2;180;71;22m▀[38;2;169;48;36m[48;2;178;88;23m▀[38;2;239;139;54m[48;2;180;109;22m▀[38;2;174;65;27m[48;2;83;26;30m▀[38;2;79;24;37m[48;2;43;0;32m▀[38;2;95;11;35m[48;2;118;23;23m▀[38;2;151;8;30m[48;2;151;47;20m▀[38;2;162;37;23m[48;2;165;55;18m▀[38;2;143;23;19m[48;2;214;121;22m▀[38;2;111;0;39m[48;2;134;22;19m▀[0m [0m [0m [0m
                                                               [0m [0m [38;2;147;98;19m[48;2;0;0;0m▀[38;2;152;100;20m[48;2;180;121;36m▀[38;2;190;119;19m[48;2;243;173;49m▀[38;2;143;51;21m[48;2;196;45;26m▀[38;2;51;0;32m[48;2;106;5;22m▀[38;2;89;21;29m[48;2;102;12;28m▀[38;2;139;7;26m[48;2;149;58;21m▀[38;2;211;134;26m[48;2;253;183;33m▀[38;2;174;81;23m[48;2;221;138;34m▀[38;2;233;158;33m[48;2;173;95;29m▀[38;2;240;154;32m[48;2;194;154;29m▀[38;2;107;19;26m[48;2;98;32;22m▀[0m [0m [0m
                                                               [0m [0m [38;2;115;77;30m[48;2;127;65;39m▀[38;2;217;163;54m[48;2;228;165;53m▀[38;2;235;172;51m[48;2;238;181;49m▀[38;2;193;47;31m[48;2;180;86;32m▀[38;2;203;38;30m[48;2;196;35;30m▀[38;2;80;10;35m[48;2;118;20;36m▀[38;2;143;79;23m[48;2;73;10;43m▀[38;2;202;143;30m[48;2;50;1;33m▀[38;2;131;80;31m[48;2;0;0;0m▀[38;2;75;21;25m[48;2;103;8;21m▀[38;2;89;0;12m[48;2;108;18;30m▀[38;2;127;26;26m[48;2;134;23;33m▀[38;2;0;0;0m[48;2;161;26;29m▀[0m [0m
                                                               [0m [0m [38;2;0;0;26m[48;2;138;31;23m▀[38;2;197;133;35m[48;2;122;42;20m▀[38;2;250;185;44m[48;2;217;140;23m▀[38;2;179;109;33m[48;2;190;105;29m▀[38;2;180;19;26m[48;2;170;27;31m▀[38;2;88;18;31m[48;2;134;26;30m▀[38;2;118;16;33m[48;2;220;33;21m▀[38;2;112;15;40m[48;2;120;9;28m▀[38;2;80;14;31m[48;2;120;4;31m▀[38;2;0;0;17m[48;2;110;16;30m▀[38;2;66;6;30m[48;2;33;11;48m▀[38;2;15;0;30m[48;2;129;18;36m▀[38;2;152;21;29m[48;2;165;22;25m▀[38;2;100;11;11m[48;2;47;15;5m▀[0m
                                                               [0m [0m [38;2;155;30;24m[48;2;0;0;21m▀[38;2;149;24;34m[48;2;158;26;24m▀[38;2;88;37;24m[48;2;84;8;30m▀[38;2;162;64;22m[48;2;113;14;23m▀[38;2;163;31;31m[48;2;146;25;26m▀[38;2;171;30;27m[48;2;94;15;27m▀[38;2;228;27;23m[48;2;132;10;33m▀[38;2;98;19;27m[48;2;84;10;35m▀[38;2;139;37;27m[48;2;134;74;14m▀[38;2;182;16;32m[48;2;159;68;24m▀[38;2;164;22;37m[48;2;160;55;23m▀[38;2;199;35;37m[48;2;130;48;22m▀[38;2;143;33;21m[48;2;60;52;15m▀[0m [0m
                                                               [0m [0m [38;2;133;70;45m[48;2;98;61;36m▀[38;2;155;36;29m[48;2;96;57;40m▀[38;2;123;34;33m[48;2;102;62;37m▀[38;2;182;40;35m[48;2;141;76;49m▀[38;2;135;20;31m[48;2;78;26;33m▀[38;2;0;56;56m[48;2;92;57;35m▀[38;2;119;22;31m[48;2;137;57;41m▀[38;2;160;19;33m[48;2;135;54;41m▀[38;2;34;0;31m[48;2;102;43;33m▀[0m [38;2;109;102;21m[48;2;0;0;0m▀[0m [0m [0m [0m[0m
[9F                                                               [0m [0m [0m [38;2;0;0;0m[48;2;136;91;56m▀[38;2;0;0;0m[48;2;101;56;47m▀[38;2;130;29;35m[48;2;123;0;30m▀[38;2;138;10;29m[48;2;120;12;40m▀[38;2;98;6;25m[48;2;60;7;28m▀[0m [0m [0m [0m [0m [0m [0m [0m [0m
                                                               [0m [38;2;0;19;19m[48;2;138;19;12m▀[38;2;84;38;38m[48;2;182;33;29m▀[38;2;102;46;45m[48;2;170;26;27m▀[38;2;76;11;19m[48;2;173;26;21m▀[38;2;117;36;45m[48;2;182;33;24m▀[38;2;157;113;71m[48;2;120;48;42m▀[38;2;102;6;27m[48;2;89;6;36m▀[38;2;96;13;28m[48;2;84;8;34m▀[0m [0m [0m [0m [0m [0m [0m [0m
                                                               [38;2;0;0;0m[48;2;123;23;30m▀[38;2;101;87;86m[48;2;124;89;72m▀[38;2;219;55;38m[48;2;210;62;37m▀[38;2;212;32;20m[48;2;193;25;17m▀[38;2;76;88;81m[48;2;97;109;70m▀[38;2;165;81;89m[48;2;219;155;114m▀[38;2;145;7;14m[48;2;188;32;14m▀[38;2;111;56;47m[48;2;97;24;39m▀[38;2;73;3;34m[48;2;82;9;34m▀[38;2;109;87;43m[48;2;161;34;32m▀[38;2;0;0;0m[48;2;152;15;26m▀[38;2;0;0;0m[48;2;125;17;25m▀[0m [0m [0m [0m [0m
                                                               [38;2;55;6;6m[48;2;0;0;0m▀[38;2;206;42;25m[48;2;134;12;19m▀[38;2;210;34;27m[48;2;176;64;19m▀[38;2;188;8;16m[48;2;178;97;24m▀[38;2;189;30;23m[48;2;174;108;23m▀[38;2;232;133;27m[48;2;146;83;24m▀[38;2;162;83;31m[48;2;63;5;29m▀[38;2;68;18;34m[48;2;41;0;32m▀[38;2;83;12;36m[48;2;144;17;23m▀[38;2;138;7;29m[48;2;163;67;19m▀[38;2;159;36;23m[48;2;157;46;18m▀[38;2;159;45;16m[48;2;227;147;25m▀[38;2;131;0;28m[48;2;155;52;20m▀[0m [0m [0m [0m
                                                               [0m [0m [38;2;125;113;20m[48;2;0;0;0m▀[38;2;144;90;19m[48;2;195;142;45m▀[38;2;207;128;24m[48;2;244;174;54m▀[38;2;158;36;22m[48;2;200;35;28m▀[38;2;58;0;30m[48;2;139;15;22m▀[38;2;109;21;27m[48;2;91;9;31m▀[38;2;132;13;26m[48;2;159;78;19m▀[38;2;223;153;28m[48;2;247;176;33m▀[38;2;189;100;25m[48;2;216;141;34m▀[38;2;213;134;33m[48;2;154;74;29m▀[38;2;246;170;34m[48;2;164;149;24m▀[38;2;113;26;24m[48;2;87;30;22m▀[0m [0m [0m
                                                               [0m [0m [38;2;120;76;31m[48;2;136;80;45m▀[38;2;228;169;54m[48;2;235;171;54m▀[38;2;225;162;46m[48;2;234;178;46m▀[38;2;186;49;31m[48;2;177;75;31m▀[38;2;210;47;33m[48;2;189;27;27m▀[38;2;91;11;36m[48;2;106;20;36m▀[38;2;115;58;28m[48;2;76;8;44m▀[38;2;157;107;27m[48;2;57;2;34m▀[38;2;102;63;31m[48;2;0;0;0m▀[38;2;65;14;21m[48;2;125;12;30m▀[38;2;148;3;28m[48;2;92;14;31m▀[38;2;150;30;27m[48;2;135;21;32m▀[38;2;56;28;28m[48;2;168;25;28m▀[0m [0m
                                                               [0m [0m [38;2;18;0;18m[48;2;156;32;23m▀[38;2;185;120;28m[48;2;126;34;23m▀[38;2;252;183;40m[48;2;193;122;21m▀[38;2;169;95;31m[48;2;186;89;27m▀[38;2;180;20;27m[48;2;173;30;32m▀[38;2;84;17;31m[48;2;148;27;28m▀[38;2;138;19;30m[48;2;228;34;21m▀[38;2;117;14;38m[48;2;114;9;28m▀[38;2;88;14;32m[48;2;120;2;33m▀[38;2;0;0;23m[48;2;133;15;28m▀[38;2;41;0;29m[48;2;90;17;39m▀[38;2;4;0;28m[48;2;141;19;38m▀[38;2;155;20;31m[48;2;173;24;27m▀[38;2;106;9;13m[48;2;71;20;8m▀[0m
                                                               [0m [0m [38;2;136;20;25m[48;2;40;5;30m▀[38;2;146;25;34m[48;2;156;23;23m▀[38;2;60;21;27m[48;2;77;8;29m▀[38;2;163;46;25m[48;2;156;15;22m▀[38;2;149;27;28m[48;2;133;21;28m▀[38;2;168;28;27m[48;2;77;9;30m▀[38;2;207;20;26m[48;2;103;7;35m▀[38;2;91;24;27m[48;2;90;9;33m▀[38;2;148;52;25m[48;2;128;74;13m▀[38;2;183;23;31m[48;2;145;76;20m▀[38;2;187;29;36m[48;2;137;59;22m▀[38;2;197;38;34m[48;2;108;47;20m▀[38;2;134;37;21m[48;2;0;76;0m▀[0m [0m
                                                               [0m [38;2;111;90;53m[48;2;0;0;0m▀[38;2;133;68;43m[48;2;54;54;30m▀[38;2;145;38;32m[48;2;69;60;38m▀[38;2;125;44;35m[48;2;95;70;38m▀[38;2;189;51;40m[48;2;107;73;48m▀[38;2;110;13;29m[48;2;20;0;20m▀[38;2;98;78;39m[48;2;100;57;34m▀[38;2;137;30;32m[48;2;125;63;43m▀[38;2;159;22;33m[48;2;128;61;44m▀[38;2;15;0;30m[48;2;98;38;30m▀[0m [0m [0m [0m [0m [0m[0m
[9F                                                               [0m [0m [0m [38;2;0;0;0m[48;2;132;86;54m▀[38;2;1;1;0m[48;2;81;47;37m▀[38;2;146;33;33m[48;2;119;5;34m▀[38;2;132;11;31m[48;2;114;24;43m▀[38;2;87;8;29m[48;2;70;11;25m▀[0m [0m [0m [0m [0m [0m [0m [0m [0m
                                                               [0m [38;2;65;21;7m[48;2;137;25;21m▀[38;2;98;36;31m[48;2;202;40;33m▀[38;2;108;38;42m[48;2;201;33;26m▀[38;2;102;10;16m[48;2;169;36;32m▀[38;2;133;49;47m[48;2;178;29;24m▀[38;2;155;104;66m[48;2;102;27;33m▀[38;2;99;1;31m[48;2;90;23;41m▀[38;2;88;17;32m[48;2;86;9;36m▀[0m [0m [0m [0m [0m [0m [0m [0m
                                                               [38;2;0;0;0m[48;2;95;19;19m▀[38;2;93;97;97m[48;2;139;86;66m▀[38;2;218;62;42m[48;2;212;61;35m▀[38;2;203;29;20m[48;2;194;18;17m▀[38;2;53;88;76m[48;2;113;92;60m▀[38;2;162;108;112m[48;2;221;156;109m▀[38;2;159;13;17m[48;2;185;36;20m▀[38;2;117;60;49m[48;2;93;24;39m▀[38;2;68;4;34m[48;2;92;11;34m▀[38;2;121;74;37m[48;2;164;25;32m▀[38;2;122;9;9m[48;2;154;22;27m▀[38;2;0;0;0m[48;2;130;13;22m▀[0m [0m [0m [0m [0m
                                                               [38;2;51;7;10m[48;2;0;0;0m▀[38;2;195;35;22m[48;2;108;2;14m▀[38;2;201;27;24m[48;2;161;70;17m▀[38;2;179;19;17m[48;2;168;107;24m▀[38;2;187;47;26m[48;2;173;119;23m▀[38;2;222;131;26m[48;2;138;73;22m▀[38;2;132;63;31m[48;2;53;0;31m▀[38;2;60;13;34m[48;2;45;5;32m▀[38;2;90;17;26m[48;2;154;10;23m▀[38;2;140;16;27m[48;2;184;91;22m▀[38;2;162;51;22m[48;2;166;61;22m▀[38;2;175;63;21m[48;2;237;162;29m▀[38;2;118;0;23m[48;2;181;83;21m▀[38;2;0;0;0m[48;2;73;0;19m▀[0m [0m [0m
                                                               [0m [0m [0m [38;2;150;86;20m[48;2;203;149;47m▀[38;2;223;141;29m[48;2;243;179;52m▀[38;2;173;44;22m[48;2;199;35;26m▀[38;2;65;0;27m[48;2;178;23;25m▀[38;2;121;17;26m[48;2;79;9;31m▀[38;2;134;20;26m[48;2;166;89;17m▀[38;2;237;169;28m[48;2;238;166;27m▀[38;2;208;118;30m[48;2;184;115;30m▀[38;2;208;127;31m[48;2;130;59;28m▀[38;2;225;162;32m[48;2;68;88;29m▀[38;2;118;34;23m[48;2;57;24;18m▀[0m [0m [0m
                                                               [0m [0m [38;2;86;26;17m[48;2;163;38;28m▀[38;2;230;165;51m[48;2;214;149;44m▀[38;2;241;176;45m[48;2;245;184;45m▀[38;2;164;50;27m[48;2;173;97;31m▀[38;2;185;24;25m[48;2;170;18;23m▀[38;2;115;15;28m[48;2;121;14;27m▀[38;2;91;34;31m[48;2;77;5;39m▀[38;2;76;38;22m[48;2;80;10;36m▀[38;2;0;0;0m[48;2;65;23;35m▀[38;2;46;0;20m[48;2;139;12;30m▀[38;2;134;13;23m[48;2;82;6;28m▀[38;2;149;20;25m[48;2;91;11;33m▀[38;2;145;17;13m[48;2;159;17;26m▀[0m [0m
                                                               [0m [38;2;153;29;22m[48;2;83;23;35m▀[38;2;144;16;23m[48;2;115;18;27m▀[38;2;191;135;41m[48;2;168;97;28m▀[38;2;206;143;45m[48;2;205;134;35m▀[38;2;180;22;20m[48;2;118;32;26m▀[38;2;116;13;27m[48;2;110;39;20m▀[38;2;97;15;28m[48;2;215;46;29m▀[38;2;154;18;29m[48;2;218;26;20m▀[38;2;111;12;37m[48;2;109;11;33m▀[38;2;99;8;30m[48;2;118;3;29m▀[38;2;15;10;31m[48;2;153;7;26m▀[38;2;0;0;14m[48;2;125;19;35m▀[38;2;60;3;31m[48;2;163;20;33m▀[38;2;156;16;26m[48;2;168;25;21m▀[38;2;77;4;4m[48;2;20;30;10m▀[0m
                                                               [0m [38;2;0;0;0m[48;2;109;69;39m▀[38;2;146;9;21m[48;2;106;39;31m▀[38;2;98;9;33m[48;2;119;13;32m▀[38;2;155;86;20m[48;2;74;7;37m▀[38;2;208;127;16m[48;2;114;57;20m▀[38;2;157;64;19m[48;2;119;58;23m▀[38;2;186;15;24m[48;2;85;1;30m▀[38;2;170;16;27m[48;2;112;7;38m▀[38;2;81;12;35m[48;2;70;6;30m▀[38;2;137;64;19m[48;2;111;68;7m▀[38;2;182;38;25m[48;2;139;80;21m▀[38;2;191;35;31m[48;2;129;69;22m▀[38;2;173;38;25m[48;2;83;57;11m▀[38;2;113;39;17m[48;2;0;0;0m▀[0m [0m
                                                               [0m [38;2;102;66;39m[48;2;0;0;0m▀[38;2;128;72;41m[48;2;0;0;0m▀[38;2;100;19;23m[48;2;0;0;0m▀[38;2;68;9;34m[48;2;0;0;0m▀[0m [38;2;95;47;40m[48;2;80;51;21m▀[38;2;140;52;39m[48;2;112;78;37m▀[38;2;155;45;40m[48;2;102;78;44m▀[38;2;98;12;28m[48;2;0;0;0m▀[0m [0m [0m [0m [0m [0m [0m[0m
[9F                                                               [0m [0m [0m [38;2;0;0;0m[48;2;127;100;40m▀[38;2;0;0;0m[48;2;105;47;36m▀[38;2;130;35;35m[48;2;130;14;37m▀[38;2;128;18;33m[48;2;105;18;41m▀[38;2;85;14;30m[48;2;40;10;15m▀[0m [0m [0m [0m [0m [0m [0m [0m [0m
                                                               [0m [38;2;0;0;0m[48;2;135;22;16m▀[38;2;80;54;40m[48;2;159;39;36m▀[38;2;104;55;48m[48;2;167;35;36m▀[38;2;79;10;22m[48;2;175;26;21m▀[38;2;132;64;57m[48;2;184;52;37m▀[38;2;143;88;61m[48;2;99;39;43m▀[38;2;103;3;33m[48;2;89;15;41m▀[38;2;89;27;31m[48;2;71;11;31m▀[0m [0m [0m [0m [0m [0m [0m [0m
                                                               [0m [38;2;116;80;80m[48;2;115;101;85m▀[38;2;220;55;37m[48;2;199;63;34m▀[38;2;232;61;45m[48;2;226;56;51m▀[38;2;95;100;97m[48;2;104;107;80m▀[38;2;131;33;46m[48;2;174;100;45m▀[38;2;155;32;30m[48;2;188;46;31m▀[38;2;95;41;44m[48;2;91;27;42m▀[38;2;72;15;38m[48;2;92;19;34m▀[38;2;131;78;40m[48;2;165;27;34m▀[38;2;139;23;0m[48;2;148;27;30m▀[38;2;0;1;0m[48;2;131;13;24m▀[0m [0m [0m [0m [0m
                                                               [38;2;38;6;6m[48;2;0;0;0m▀[38;2;176;40;24m[48;2;131;10;21m▀[38;2;219;46;34m[48;2;163;53;19m▀[38;2;180;10;18m[48;2;175;102;27m▀[38;2;191;46;29m[48;2;176;118;26m▀[38;2;226;143;35m[48;2;133;70;23m▀[38;2;132;64;35m[48;2;54;0;33m▀[38;2;62;15;36m[48;2;51;8;34m▀[38;2;93;21;27m[48;2;149;12;23m▀[38;2;138;20;31m[48;2;182;93;23m▀[38;2;166;56;26m[48;2;166;64;24m▀[38;2;185;81;23m[48;2;242;171;33m▀[38;2;115;0;20m[48;2;180;88;25m▀[38;2;0;0;0m[48;2;52;0;15m▀[0m [0m [0m
                                                               [0m [0m [38;2;125;125;20m[48;2;0;0;0m▀[38;2;140;91;18m[48;2;178;129;40m▀[38;2;209;132;28m[48;2;249;184;54m▀[38;2;177;48;28m[48;2;202;41;28m▀[38;2;67;3;29m[48;2;177;31;29m▀[38;2;124;22;26m[48;2;80;13;35m▀[38;2;133;24;28m[48;2;164;91;20m▀[38;2;237;171;30m[48;2;236;169;28m▀[38;2;209;121;33m[48;2;186;119;32m▀[38;2;197;119;31m[48;2;111;46;31m▀[38;2;208;147;30m[48;2;0;0;0m▀[38;2;99;24;24m[48;2;59;23;15m▀[0m [0m [0m
                                                               [0m [0m [38;2;54;6;9m[48;2;138;31;28m▀[38;2;209;149;49m[48;2;215;147;48m▀[38;2;244;182;49m[48;2;250;191;48m▀[38;2;165;54;31m[48;2;169;97;34m▀[38;2;184;32;28m[48;2;170;25;27m▀[38;2;115;21;33m[48;2;125;21;31m▀[38;2;93;37;34m[48;2;80;10;42m▀[38;2;81;42;21m[48;2;81;15;39m▀[38;2;0;0;0m[48;2;76;25;40m▀[38;2;76;11;23m[48;2;117;20;34m▀[38;2;128;22;29m[48;2;66;9;31m▀[38;2;151;26;28m[48;2;99;16;33m▀[38;2;146;20;16m[48;2;158;22;30m▀[0m [0m
                                                               [0m [0m [38;2;155;23;29m[48;2;110;19;26m▀[38;2;164;93;34m[48;2;140;58;30m▀[38;2;214;165;52m[48;2;215;152;41m▀[38;2;172;36;26m[48;2;141;62;31m▀[38;2;137;20;30m[48;2;113;48;25m▀[38;2;86;20;34m[48;2;203;49;32m▀[38;2;157;26;32m[48;2;222;37;24m▀[38;2;117;18;39m[48;2;126;18;34m▀[38;2;103;13;35m[48;2;107;15;34m▀[38;2;71;15;28m[48;2;166;12;29m▀[38;2;0;12;12m[48;2;154;22;36m▀[38;2;97;14;36m[48;2;187;32;37m▀[38;2;162;22;28m[48;2;153;33;22m▀[38;2;61;10;10m[48;2;21;42;0m▀[0m
                                                               [0m [38;2;0;0;0m[48;2;95;71;39m▀[38;2;136;11;15m[48;2;106;53;36m▀[38;2;123;15;36m[48;2;118;25;33m▀[38;2;131;71;26m[48;2;84;9;42m▀[38;2;207;127;21m[48;2;78;35;28m▀[38;2;165;86;26m[48;2;123;66;24m▀[38;2;160;20;29m[48;2;85;14;32m▀[38;2;166;24;32m[48;2;119;15;40m▀[38;2;81;11;38m[48;2;87;14;33m▀[38;2;122;65;20m[48;2;46;30;7m▀[38;2;171;67;27m[48;2;119;75;22m▀[38;2;170;49;31m[48;2;109;80;21m▀[38;2;145;48;23m[48;2;0;85;0m▀[38;2;90;60;15m[48;2;0;0;0m▀[0m [0m
                                                               [0m [0m [38;2;117;74;41m[48;2;0;0;0m▀[38;2;116;40;34m[48;2;0;0;0m▀[38;2;79;16;33m[48;2;0;0;0m▀[0m [38;2;77;47;47m[48;2;60;30;15m▀[38;2;137;64;42m[48;2;54;61;23m▀[38;2;155;61;44m[48;2;63;82;38m▀[38;2;109;26;34m[48;2;0;1;0m▀[0m [0m [0m [0m [0m [0m [0m[0m
[?25h[0m

Script terminado en 2026-08-19 10:52:42+01:00 [CÓDIGO_SALIDA_ORDEN="0"]
