Script iniciado en 2026-08-19 10:52:42+01:00 [COMMAND="/home/chegusan/.local/bin/hermes pets show jorgito --state running --once" <no ejecutado en terminal>]
[?25lJorgito — mode=unicode  (Ctrl+C to stop)
                                                               [0m [0m [0m [0m [38;2;0;0;0m[48;2;85;34;38m▀[38;2;0;0;0m[48;2;70;22;30m▀[38;2;94;36;21m[48;2;131;37;54m▀[38;2;114;31;41m[48;2;114;41;61m▀[38;2;70;17;35m[48;2;41;28;28m▀[0m [0m [0m [0m [0m [0m [0m [0m
                                                               [0m [0m [0m [38;2;126;92;38m[48;2;122;30;44m▀[38;2;113;41;47m[48;2;147;38;63m▀[38;2;104;27;55m[48;2;173;33;62m▀[38;2;113;40;56m[48;2;174;36;58m▀[38;2;165;126;51m[48;2;124;54;50m▀[38;2;101;32;48m[48;2;95;43;53m▀[38;2;61;11;42m[48;2;60;24;32m▀[0m [0m [0m [0m [0m [0m [0m
                                                               [0m [0m [38;2;61;53;53m[48;2;76;97;80m▀[38;2;147;62;79m[48;2;95;69;68m▀[38;2;172;27;59m[48;2;161;26;59m▀[38;2;138;62;75m[48;2;126;84;90m▀[38;2;146;84;97m[48;2;121;127;108m▀[38;2;142;28;57m[48;2;181;70;70m▀[38;2;133;87;47m[48;2;104;48;52m▀[38;2;66;25;38m[48;2;53;25;32m▀[38;2;97;80;41m[48;2;143;54;53m▀[38;2;0;0;0m[48;2;133;31;55m▀[38;2;0;0;0m[48;2;108;18;41m▀[0m [0m [0m [0m
                                                               [0m [0m [38;2;65;14;22m[48;2;77;22;36m▀[38;2;166;46;54m[48;2;150;34;58m▀[38;2;185;46;65m[48;2;146;41;53m▀[38;2;148;22;67m[48;2;148;70;48m▀[38;2;199;120;54m[48;2;159;115;41m▀[38;2;193;132;51m[48;2;81;34;42m▀[38;2;85;35;50m[48;2;47;7;38m▀[38;2;61;24;32m[48;2;95;7;38m▀[38;2;133;29;56m[48;2;156;73;53m▀[38;2;169;77;56m[48;2;164;80;53m▀[38;2;151;59;51m[48;2;231;168;53m▀[38;2;101;3;45m[48;2;139;55;49m▀[0m [0m [0m
                                                               [0m [0m [0m [38;2;41;13;24m[48;2;78;12;42m▀[38;2;120;76;31m[48;2;200;134;49m▀[38;2;179;132;35m[48;2;250;193;51m▀[38;2;174;91;48m[48;2;196;92;57m▀[38;2;83;16;50m[48;2;149;26;61m▀[38;2;51;21;34m[48;2;96;33;49m▀[38;2;79;8;44m[48;2;149;87;37m▀[38;2;199;140;47m[48;2;241;184;50m▀[38;2;181;102;54m[48;2;206;135;56m▀[38;2;237;175;54m[48;2;157;97;50m▀[38;2;228;158;56m[48;2;167;136;46m▀[38;2;83;16;42m[48;2;110;40;46m▀[0m [0m
                                                               [0m [0m [0m [38;2;113;20;49m[48;2;134;21;59m▀[38;2;216;147;54m[48;2;145;73;50m▀[38;2;251;195;51m[48;2;143;92;42m▀[38;2;149;71;45m[48;2;133;18;58m▀[38;2;161;30;62m[48;2;116;28;53m▀[38;2;103;27;46m[48;2;82;25;53m▀[38;2;121;72;34m[48;2;61;13;51m▀[38;2;181;126;42m[48;2;0;0;0m▀[38;2;91;46;40m[48;2;0;0;0m▀[38;2;67;10;30m[48;2;108;27;47m▀[38;2;115;5;47m[48;2;93;25;48m▀[38;2;92;18;40m[48;2;126;31;55m▀[38;2;0;0;0m[48;2;115;24;43m▀[0m
                                                               [38;2;255;127;255m[48;2;135;104;94m▀[38;2;152;102;95m[48;2;173;127;101m▀[38;2;72;65;61m[48;2;123;96;89m▀[38;2;96;42;41m[48;2;81;42;48m▀[38;2;90;44;35m[48;2;132;73;30m▀[38;2;118;72;35m[48;2;245;183;50m▀[38;2;156;90;45m[48;2;246;184;49m▀[38;2;99;34;54m[48;2;142;73;45m▀[38;2;89;23;53m[48;2;138;28;57m▀[38;2;154;38;65m[48;2;185;42;65m▀[38;2;97;28;55m[48;2;121;27;59m▀[38;2;38;22;38m[48;2;115;23;56m▀[38;2;70;21;45m[48;2;121;27;42m▀[38;2;0;3;31m[48;2;119;24;49m▀[38;2;117;28;58m[48;2;160;38;66m▀[38;2;116;27;49m[48;2;111;42;42m▀[0m
                                                               [38;2;104;88;72m[48;2;0;0;0m▀[38;2;119;89;78m[48;2;0;0;0m▀[38;2;104;88;72m[48;2;0;0;0m▀[38;2;96;26;52m[48;2;0;0;0m▀[38;2;118;32;55m[48;2;86;33;44m▀[38;2;146;88;33m[48;2;92;29;54m▀[38;2;204;122;39m[48;2;91;45;31m▀[38;2;173;102;36m[48;2;105;63;21m▀[38;2;159;39;63m[48;2;74;16;42m▀[38;2;170;36;68m[48;2;94;17;56m▀[38;2;116;48;46m[48;2;102;51;42m▀[38;2;154;58;60m[48;2;159;98;32m▀[38;2;161;37;68m[48;2;147;78;43m▀[38;2;173;43;70m[48;2;141;80;41m▀[38;2;143;56;53m[48;2;132;88;37m▀[38;2;85;58;26m[48;2;0;0;0m▀[0m
                                                               [0m [38;2;178;110;119m[48;2;180;117;105m▀[38;2;167;98;98m[48;2;159;107;84m▀[38;2;150;69;92m[48;2;151;82;82m▀[38;2;88;52;29m[48;2;0;1;2m▀[38;2;91;38;41m[48;2;0;0;0m▀[0m [0m [38;2;126;53;45m[48;2;109;73;29m▀[38;2;156;57;65m[48;2;109;72;40m▀[38;2;82;24;49m[48;2;90;51;39m▀[0m [38;2;89;31;38m[48;2;0;0;0m▀[0m [0m [0m [0m[0m
[9F                                                               [0m [0m [0m [0m [0m [38;2;0;0;0m[48;2;75;20;20m▀[38;2;0;0;0m[48;2;137;39;50m▀[38;2;104;37;25m[48;2;103;27;54m▀[38;2;74;24;32m[48;2;37;13;27m▀[0m [0m [0m [0m [0m [0m [0m [0m
                                                               [0m [0m [0m [38;2;147;114;43m[48;2;112;53;36m▀[38;2;112;44;47m[48;2;137;41;60m▀[38;2;85;24;45m[48;2;156;28;62m▀[38;2;118;42;58m[48;2;155;46;55m▀[38;2;142;102;53m[48;2;142;88;50m▀[38;2;89;30;42m[48;2;86;23;53m▀[38;2;59;17;42m[48;2;48;19;28m▀[0m [0m [0m [0m [0m [0m [0m
                                                               [0m [0m [38;2;61;30;35m[48;2;79;102;87m▀[38;2;150;41;67m[48;2;111;79;81m▀[38;2;167;31;61m[48;2;159;20;56m▀[38;2;163;55;72m[48;2;119;97;98m▀[38;2;169;57;81m[48;2;125;129;119m▀[38;2;122;26;51m[48;2;164;45;65m▀[38;2;120;82;46m[48;2;98;48;47m▀[38;2;58;19;36m[48;2;63;31;36m▀[38;2;76;114;38m[48;2;136;61;50m▀[38;2;0;0;0m[48;2;122;23;51m▀[0m [0m [0m [0m [0m
                                                               [0m [0m [38;2;50;27;27m[48;2;58;17;27m▀[38;2;122;46;47m[48;2;174;41;62m▀[38;2;182;46;65m[48;2;161;36;58m▀[38;2;142;35;72m[48;2;149;46;54m▀[38;2;178;112;63m[48;2;184;129;44m▀[38;2;208;133;58m[48;2;104;59;40m▀[38;2;99;47;53m[48;2;45;4;40m▀[38;2;61;25;31m[48;2;88;19;29m▀[38;2;139;29;57m[48;2;143;57;54m▀[38;2;169;70;59m[48;2;164;82;53m▀[38;2;140;43;51m[48;2;217;146;54m▀[38;2;94;0;43m[48;2;121;32;47m▀[0m [0m [0m
                                                               [0m [0m [0m [38;2;86;18;41m[48;2;0;0;0m▀[38;2;124;65;37m[48;2;165;112;40m▀[38;2;163;120;34m[48;2;237;178;48m▀[38;2;155;88;44m[48;2;204;97;59m▀[38;2;71;13;48m[48;2;135;25;58m▀[38;2;51;22;34m[48;2;80;27;45m▀[38;2;79;2;45m[48;2;126;63;40m▀[38;2;187;121;49m[48;2;242;185;50m▀[38;2;178;98;53m[48;2;219;146;57m▀[38;2;251;192;54m[48;2;176;121;50m▀[38;2;201;129;53m[48;2;177;131;50m▀[38;2;58;0;39m[48;2;105;34;46m▀[0m [0m
                                                               [0m [0m [0m [38;2;98;16;44m[48;2;128;21;55m▀[38;2;227;155;57m[48;2;170;100;50m▀[38;2;255;205;52m[48;2;180;127;45m▀[38;2;156;77;46m[48;2;140;31;56m▀[38;2;162;29;63m[48;2;134;30;56m▀[38;2;107;31;47m[48;2;85;24;51m▀[38;2;147;93;32m[48;2;51;12;45m▀[38;2;199;144;47m[48;2;0;0;0m▀[38;2;122;74;44m[48;2;0;0;15m▀[38;2;61;10;30m[48;2;106;26;46m▀[38;2;83;0;38m[48;2;106;27;49m▀[38;2;77;22;36m[48;2;131;30;54m▀[0m [0m
                                                               [38;2;0;0;0m[48;2;127;91;96m▀[38;2;145;0;109m[48;2;163;117;95m▀[38;2;0;0;0m[48;2;114;89;82m▀[38;2;113;28;47m[48;2;88;58;54m▀[38;2;100;41;44m[48;2;106;59;25m▀[38;2;94;49;33m[48;2;220;161;48m▀[38;2;130;50;47m[48;2;236;183;48m▀[38;2;94;30;52m[48;2;143;73;49m▀[38;2;82;24;54m[48;2;118;24;54m▀[38;2;130;34;62m[48;2;184;41;64m▀[38;2;90;26;52m[48;2;129;31;63m▀[38;2;52;30;37m[48;2;107;22;56m▀[38;2;80;23;47m[48;2;114;27;39m▀[38;2;0;5;34m[48;2;108;22;47m▀[38;2;117;29;57m[48;2;154;35;65m▀[38;2;111;24;48m[48;2;113;38;44m▀[0m
                                                               [38;2;100;83;75m[48;2;0;0;0m▀[38;2;130;99;81m[48;2;0;0;0m▀[38;2;119;94;78m[48;2;0;0;0m▀[38;2;85;38;56m[48;2;0;0;0m▀[38;2;122;37;51m[48;2;89;26;51m▀[38;2;168;107;35m[48;2;93;31;54m▀[38;2;216;133;41m[48;2;108;56;33m▀[38;2;181;109;36m[48;2;120;74;23m▀[38;2;161;40;62m[48;2;87;23;43m▀[38;2;181;39;70m[48;2;103;18;57m▀[38;2;116;39;48m[48;2;103;51;43m▀[38;2;145;50;61m[48;2;161;99;33m▀[38;2;158;34;67m[48;2;148;77;46m▀[38;2;169;40;69m[48;2;144;77;43m▀[38;2;148;55;56m[48;2;131;85;36m▀[38;2;90;58;27m[48;2;0;0;0m▀[0m
                                                               [0m [38;2;255;127;127m[48;2;190;120;115m▀[38;2;183;87;111m[48;2;164;108;88m▀[38;2;139;69;115m[48;2;148;78;74m▀[38;2;90;50;31m[48;2;76;51;76m▀[38;2;98;39;46m[48;2;0;0;0m▀[0m [0m [38;2;113;42;44m[48;2;113;69;33m▀[38;2;146;48;64m[48;2;130;74;48m▀[38;2;89;25;51m[48;2;98;49;43m▀[0m [38;2;122;56;51m[48;2;0;0;0m▀[0m [0m [0m [0m[0m
[9F                                                               [0m [0m [0m [0m [38;2;0;0;0m[48;2;87;46;33m▀[38;2;0;0;0m[48;2;58;16;20m▀[38;2;0;0;0m[48;2;134;39;50m▀[38;2;107;34;34m[48;2;118;34;61m▀[38;2;77;23;30m[48;2;51;22;34m▀[0m [0m [0m [0m [0m [0m [0m [0m
                                                               [0m [0m [0m [38;2;131;100;38m[48;2;114;32;39m▀[38;2;113;45;44m[48;2;136;37;59m▀[38;2;92;25;50m[48;2;167;35;65m▀[38;2;107;32;54m[48;2;166;37;58m▀[38;2;155;116;54m[48;2;138;72;50m▀[38;2;110;50;45m[48;2;93;33;56m▀[38;2;60;12;44m[48;2;65;24;37m▀[0m [0m [0m [0m [0m [0m [0m
                                                               [0m [0m [38;2;56;41;45m[48;2;79;102;87m▀[38;2;150;56;76m[48;2;100;75;75m▀[38;2;174;31;62m[48;2;158;21;56m▀[38;2;146;45;64m[48;2;127;81;88m▀[38;2;146;59;76m[48;2;114;135;121m▀[38;2;140;25;57m[48;2;168;54;73m▀[38;2;146;100;49m[48;2;110;49;50m▀[38;2;78;32;39m[48;2;47;19;33m▀[38;2;65;58;39m[48;2;138;64;49m▀[38;2;0;0;0m[48;2;117;20;52m▀[0m [0m [0m [0m [0m
                                                               [0m [0m [38;2;65;22;27m[48;2;85;22;39m▀[38;2;159;49;54m[48;2;177;41;65m▀[38;2;185;46;65m[48;2;151;36;55m▀[38;2;145;36;73m[48;2;150;47;53m▀[38;2;177;111;61m[48;2;184;128;45m▀[38;2;209;134;59m[48;2;104;59;40m▀[38;2;100;48;54m[48;2;45;4;40m▀[38;2;61;27;31m[48;2;90;15;30m▀[38;2;139;31;56m[48;2;143;57;54m▀[38;2;166;64;60m[48;2;162;81;51m▀[38;2;136;37;50m[48;2;212;141;53m▀[38;2;92;0;38m[48;2;123;34;48m▀[0m [0m [0m
                                                               [0m [0m [0m [38;2;74;20;35m[48;2;37;0;18m▀[38;2;121;71;34m[48;2;182;120;44m▀[38;2;165;120;35m[48;2;236;178;47m▀[38;2;154;88;44m[48;2;204;97;59m▀[38;2;71;13;48m[48;2;135;25;58m▀[38;2;51;22;34m[48;2;80;27;45m▀[38;2;79;2;45m[48;2;125;63;40m▀[38;2;187;120;48m[48;2;245;188;50m▀[38;2;168;85;56m[48;2;207;131;57m▀[38;2;238;179;53m[48;2;183;117;53m▀[38;2;216;144;55m[48;2;208;157;51m▀[38;2;61;0;38m[48;2;116;43;46m▀[0m [0m
                                                               [0m [0m [38;2;63;21;42m[48;2;62;20;27m▀[38;2;112;21;48m[48;2;141;23;61m▀[38;2;222;153;56m[48;2;157;87;50m▀[38;2;255;204;52m[48;2;179;126;46m▀[38;2;156;77;46m[48;2;140;31;56m▀[38;2;161;28;63m[48;2;135;31;56m▀[38;2;108;31;47m[48;2;84;24;51m▀[38;2;146;91;32m[48;2;51;12;45m▀[38;2;201;147;45m[48;2;0;0;0m▀[38;2;141;84;46m[48;2;0;0;13m▀[38;2;87;30;40m[48;2;100;24;43m▀[38;2;27;0;27m[48;2;111;27;48m▀[38;2;82;28;38m[48;2;126;28;53m▀[0m [0m
                                                               [38;2;2;0;2m[48;2;154;114;102m▀[38;2;127;85;85m[48;2;160;116;94m▀[38;2;38;33;33m[48;2;105;82;79m▀[38;2;108;38;44m[48;2;77;38;39m▀[38;2;91;41;39m[48;2;133;83;30m▀[38;2;95;49;32m[48;2;235;179;51m▀[38;2;134;49;49m[48;2;234;179;50m▀[38;2;90;27;52m[48;2;117;49;50m▀[38;2;86;25;53m[48;2;131;28;56m▀[38;2;133;34;63m[48;2;182;41;64m▀[38;2;77;25;49m[48;2;121;30;62m▀[38;2;0;1;0m[48;2;90;21;46m▀[38;2;98;26;50m[48;2;0;14;0m▀[38;2;38;13;42m[48;2;50;15;30m▀[38;2;111;27;55m[48;2;146;34;62m▀[38;2;118;27;49m[48;2;114;32;45m▀[0m
                                                               [38;2;117;96;81m[48;2;0;0;0m▀[38;2;133;98;79m[48;2;0;0;0m▀[38;2;101;85;74m[48;2;0;0;0m▀[38;2;102;25;53m[48;2;89;20;34m▀[38;2;142;55;52m[48;2;85;23;51m▀[38;2;200;136;37m[48;2;99;39;47m▀[38;2;221;140;42m[48;2;135;76;31m▀[38;2;169;94;39m[48;2;125;73;29m▀[38;2;167;36;65m[48;2;109;25;51m▀[38;2;177;40;66m[48;2;110;22;59m▀[38;2;109;34;49m[48;2;119;66;39m▀[38;2;145;34;65m[48;2;164;90;44m▀[38;2;144;27;60m[48;2;161;66;57m▀[38;2;149;28;61m[48;2;159;67;56m▀[38;2;164;48;65m[48;2;130;72;41m▀[38;2;99;55;31m[48;2;63;63;0m▀[0m
                                                               [0m [38;2;231;115;139m[48;2;176;117;101m▀[38;2;183;95;111m[48;2;157;99;82m▀[38;2;85;85;85m[48;2;155;80;87m▀[38;2;94;50;33m[48;2;28;28;28m▀[38;2;87;28;50m[48;2;0;0;0m▀[0m [38;2;0;0;0m[48;2;109;72;27m▀[38;2;102;32;44m[48;2;129;72;39m▀[38;2;129;37;62m[48;2;138;74;53m▀[38;2;73;20;45m[48;2;86;36;43m▀[38;2;124;72;27m[48;2;0;0;0m▀[38;2;142;81;43m[48;2;0;0;0m▀[38;2;115;80;24m[48;2;0;0;0m▀[0m [0m [0m[0m
[9F                                                               [0m [0m [0m [38;2;0;0;0m[48;2;148;116;42m▀[38;2;0;0;0m[48;2;104;47;40m▀[38;2;0;0;0m[48;2;66;18;35m▀[38;2;110;38;33m[48;2;124;34;53m▀[38;2;122;33;48m[48;2;126;51;64m▀[38;2;76;20;36m[48;2;73;45;40m▀[0m [0m [0m [0m [0m [0m [0m [0m
                                                               [0m [0m [0m [38;2;120;85;36m[48;2;128;27;47m▀[38;2;125;47;50m[48;2;152;37;63m▀[38;2;121;31;62m[48;2;174;35;61m▀[38;2;111;29;57m[48;2;177;33;59m▀[38;2;168;128;53m[48;2;133;46;52m▀[38;2;117;49;51m[48;2;101;50;54m▀[38;2;65;10;47m[48;2;75;32;40m▀[0m [0m [0m [0m [0m [0m [0m
                                                               [0m [0m [38;2;64;75;68m[48;2;71;75;63m▀[38;2;140;74;85m[48;2;96;60;59m▀[38;2;170;24;58m[48;2;166;31;61m▀[38;2;129;69;80m[48;2;131;76;85m▀[38;2;137;103;106m[48;2;115;117;98m▀[38;2;146;27;61m[48;2;188;83;74m▀[38;2;135;82;47m[48;2;116;52;55m▀[38;2;67;25;39m[48;2;47;23;34m▀[38;2;98;78;40m[48;2;143;57;51m▀[38;2;0;0;0m[48;2;137;34;56m▀[38;2;0;0;0m[48;2;116;22;44m▀[0m [0m [0m [0m
                                                               [0m [0m [38;2;74;15;25m[48;2;78;24;41m▀[38;2;183;48;58m[48;2;140;31;56m▀[38;2;182;43;64m[48;2;143;47;51m▀[38;2;152;17;65m[48;2;145;76;45m▀[38;2;198;108;54m[48;2;156;113;41m▀[38;2;200;143;49m[48;2;86;39;43m▀[38;2;81;31;48m[48;2;49;8;38m▀[38;2;55;31;31m[48;2;83;0;32m▀[38;2;126;23;53m[48;2;149;65;52m▀[38;2;167;69;59m[48;2;157;72;53m▀[38;2;154;64;51m[48;2;222;160;52m▀[38;2;106;9;48m[48;2;136;51;48m▀[0m [0m [0m
                                                               [0m [0m [0m [38;2;39;15;19m[48;2;97;24;45m▀[38;2;129;86;31m[48;2;213;145;52m▀[38;2;189;138;36m[48;2;255;198;51m▀[38;2;177;93;49m[48;2;196;93;57m▀[38;2;81;15;49m[48;2;149;27;61m▀[38;2;50;21;35m[48;2;99;34;49m▀[38;2;79;5;46m[48;2;140;80;36m▀[38;2;184;123;47m[48;2;237;179;49m▀[38;2;184;105;53m[48;2;217;147;56m▀[38;2;229;165;53m[48;2;164;100;51m▀[38;2;234;163;57m[48;2;195;157;51m▀[38;2;85;16;42m[48;2;118;47;47m▀[0m [0m
                                                               [0m [0m [38;2;82;27;41m[48;2;70;10;21m▀[38;2;120;28;50m[48;2;143;24;62m▀[38;2;222;159;52m[48;2;146;87;45m▀[38;2;239;182;50m[48;2;137;73;45m▀[38;2;145;65;45m[48;2;140;17;61m▀[38;2;162;31;63m[48;2;118;30;53m▀[38;2;98;25;45m[48;2;80;24;53m▀[38;2;128;75;33m[48;2;54;12;47m▀[38;2;187;130;44m[48;2;0;0;0m▀[38;2;105;62;41m[48;2;0;0;51m▀[38;2;73;18;34m[48;2;112;27;48m▀[38;2;95;0;38m[48;2;116;30;51m▀[38;2;80;18;40m[48;2;132;31;55m▀[0m [0m
                                                               [38;2;211;114;131m[48;2;144;110;93m▀[38;2;137;99;89m[48;2;168;123;98m▀[38;2;75;62;62m[48;2;115;90;86m▀[38;2;97;42;39m[48;2;79;33;40m▀[38;2;89;46;34m[48;2;156;95;33m▀[38;2;131;78;36m[48;2;252;190;52m▀[38;2;148;79;46m[48;2;240;179;49m▀[38;2;90;28;54m[48;2;129;59;47m▀[38;2;93;26;53m[48;2;140;29;57m▀[38;2;145;36;64m[48;2;184;42;65m▀[38;2;86;26;52m[48;2;124;29;62m▀[38;2;11;22;33m[48;2;108;24;53m▀[38;2;82;23;46m[48;2;85;25;29m▀[38;2;21;9;45m[48;2;84;20;40m▀[38;2;112;28;61m[48;2;151;33;66m▀[38;2;118;26;49m[48;2;117;37;46m▀[0m
                                                               [38;2;96;81;69m[48;2;0;0;0m▀[38;2;120;89;76m[48;2;0;0;0m▀[38;2;77;71;58m[48;2;1;0;1m▀[38;2;110;21;54m[48;2;41;16;24m▀[38;2;116;41;50m[48;2;94;35;52m▀[38;2;165;101;34m[48;2;83;27;50m▀[38;2;208;126;39m[48;2;103;55;27m▀[38;2;167;91;39m[48;2;96;55;23m▀[38;2;169;36;67m[48;2;85;17;46m▀[38;2;169;38;66m[48;2;92;18;56m▀[38;2;111;41;47m[48;2;117;66;39m▀[38;2;150;43;64m[48;2;165;97;37m▀[38;2;151;29;64m[48;2;161;79;50m▀[38;2;157;33;65m[48;2;148;73;47m▀[38;2;157;52;61m[48;2;128;78;38m▀[38;2;100;57;31m[48;2;0;0;0m▀[0m
                                                               [0m [38;2;181;107;112m[48;2;175;117;97m▀[38;2;162;92;92m[48;2;150;95;76m▀[38;2;72;27;45m[48;2;170;92;92m▀[38;2;101;55;35m[48;2;0;0;0m▀[38;2;78;22;45m[48;2;0;0;0m▀[0m [38;2;78;39;39m[48;2;102;72;26m▀[38;2;118;42;47m[48;2;118;72;37m▀[38;2;138;44;65m[48;2;130;72;52m▀[38;2;66;14;45m[48;2;80;32;40m▀[38;2;90;45;25m[48;2;0;0;0m▀[38;2;132;71;40m[48;2;0;0;0m▀[38;2;98;72;15m[48;2;0;0;0m▀[0m [0m [0m[0m
[9F                                                               [0m [0m [0m [38;2;0;0;0m[48;2;153;119;45m▀[38;2;0;0;0m[48;2;108;48;39m▀[38;2;0;0;0m[48;2;73;22;39m▀[38;2;127;40;40m[48;2;117;33;52m▀[38;2;114;28;50m[48;2;128;68;61m▀[38;2;62;16;34m[48;2;81;53;33m▀[0m [0m [0m [0m [0m [0m [0m [0m
                                                               [0m [0m [38;2;85;0;85m[48;2;61;15;30m▀[38;2;112;65;35m[48;2;139;29;56m▀[38;2;127;42;53m[48;2;160;35;64m▀[38;2;135;32;64m[48;2;171;37;60m▀[38;2;130;39;58m[48;2;171;33;58m▀[38;2;164;121;50m[48;2;124;29;52m▀[38;2;98;29;51m[48;2;116;72;52m▀[38;2;61;13;42m[48;2;81;39;39m▀[0m [0m [0m [0m [0m [0m [0m
                                                               [0m [0m [38;2;72;91;80m[48;2;62;55;49m▀[38;2;128;80;87m[48;2;111;57;57m▀[38;2;166;22;57m[48;2;172;36;62m▀[38;2;127;67;78m[48;2;136;68;84m▀[38;2;122;114;113m[48;2;132;117;90m▀[38;2;154;34;65m[48;2;199;99;71m▀[38;2;134;74;47m[48;2;111;52;55m▀[38;2;63;25;38m[48;2;49;22;31m▀[38;2;111;72;44m[48;2;149;45;54m▀[38;2;37;0;28m[48;2;143;40;57m▀[38;2;0;0;0m[48;2;119;20;48m▀[0m [0m [0m [0m
                                                               [0m [0m [38;2;80;18;31m[48;2;74;21;42m▀[38;2;195;48;64m[48;2;120;28;50m▀[38;2;173;38;61m[48;2;132;52;45m▀[38;2;150;20;63m[48;2;149;92;41m▀[38;2;208;128;50m[48;2;144;100;39m▀[38;2;163;113;44m[48;2;69;19;45m▀[38;2;64;19;46m[48;2;53;16;35m▀[38;2;66;26;29m[48;2;91;4;42m▀[38;2;130;34;55m[48;2;168;89;52m▀[38;2;165;80;52m[48;2;163;79;55m▀[38;2;172;83;53m[48;2;239;182;53m▀[38;2;109;12;48m[48;2;161;82;50m▀[0m [0m [0m
                                                               [0m [0m [0m [38;2;0;0;0m[48;2;101;18;46m▀[38;2;133;91;32m[48;2;220;147;55m▀[38;2;200;147;38m[48;2;255;204;52m▀[38;2;193;96;54m[48;2;182;87;53m▀[38;2;100;20;52m[48;2;157;27;63m▀[38;2;57;21;39m[48;2;107;35;50m▀[38;2;86;20;43m[48;2;161;100;35m▀[38;2;217;161;48m[48;2;227;173;48m▀[38;2;187;108;55m[48;2;185;120;52m▀[38;2;217;152;54m[48;2;138;73;50m▀[38;2;241;175;57m[48;2;142;129;40m▀[38;2;103;30;45m[48;2;108;45;45m▀[0m [0m
                                                               [0m [0m [38;2;77;35;42m[48;2;0;0;0m▀[38;2;129;23;56m[48;2;132;27;57m▀[38;2;190;125;50m[48;2;119;53;48m▀[38;2;235;178;49m[48;2;109;61;37m▀[38;2;145;60;47m[48;2;127;15;57m▀[38;2;156;31;61m[48;2;100;27;51m▀[38;2;95;24;47m[48;2;81;25;54m▀[38;2;86;45;35m[48;2;85;20;56m▀[38;2;144;98;28m[48;2;36;3;32m▀[38;2;60;17;37m[48;2;0;0;0m▀[38;2;78;16;35m[48;2;108;28;49m▀[38;2;119;14;46m[48;2;79;22;46m▀[38;2;110;23;46m[48;2;121;30;55m▀[38;2;0;0;0m[48;2;120;28;49m▀[0m
                                                               [38;2;180;118;118m[48;2;137;108;91m▀[38;2;147;107;91m[48;2;166;121;96m▀[38;2;92;72;71m[48;2;109;87;82m▀[38;2;83;45;34m[48;2;87;28;49m▀[38;2;98;59;29m[48;2;158;84;40m▀[38;2;161;112;40m[48;2;249;185;49m▀[38;2;187;129;46m[48;2;239;171;48m▀[38;2;101;35;55m[48;2;142;73;41m▀[38;2;106;25;52m[48;2;154;31;61m▀[38;2;170;40;66m[48;2;180;41;65m▀[38;2;103;29;57m[48;2;113;25;55m▀[38;2;43;19;39m[48;2;120;23;56m▀[38;2;48;16;38m[48;2;127;28;45m▀[38;2;0;4;31m[48;2;122;24;50m▀[38;2;120;28;59m[48;2;167;39;68m▀[38;2;116;27;50m[48;2;108;44;40m▀[0m
                                                               [0m [38;2;98;76;66m[48;2;0;0;0m▀[38;2;85;85;62m[48;2;3;0;2m▀[38;2;112;23;51m[48;2;0;0;0m▀[38;2;103;24;55m[48;2;90;40;41m▀[38;2;130;72;34m[48;2;85;26;52m▀[38;2;190;111;36m[48;2;66;30;28m▀[38;2;156;90;35m[48;2;59;38;17m▀[38;2;152;36;62m[48;2;71;13;41m▀[38;2;153;33;65m[48;2;93;18;56m▀[38;2;120;58;44m[48;2;98;48;40m▀[38;2;161;64;59m[48;2;154;94;32m▀[38;2;161;40;67m[48;2;149;82;43m▀[38;2;174;48;70m[48;2;139;80;38m▀[38;2;140;58;51m[48;2;123;85;34m▀[38;2;79;58;26m[48;2;0;0;0m▀[0m
                                                               [0m [38;2;177;110;107m[48;2;174;118;99m▀[38;2;157;97;85m[48;2;152;102;74m▀[0m [38;2;90;50;26m[48;2;0;0;1m▀[38;2;85;37;37m[48;2;0;0;0m▀[0m [38;2;107;60;33m[48;2;99;66;22m▀[38;2;134;60;47m[48;2;85;66;21m▀[38;2;155;64;63m[48;2;79;66;31m▀[38;2;73;19;46m[48;2;80;53;26m▀[0m [0m [0m [0m [0m [0m[0m
[9F                                                               [0m [0m [0m [0m [38;2;0;0;0m[48;2;99;40;43m▀[38;2;0;0;0m[48;2;77;25;35m▀[38;2;122;39;36m[48;2;126;37;55m▀[38;2;112;29;46m[48;2;110;52;57m▀[38;2;63;18;30m[48;2;45;28;22m▀[0m [0m [0m [0m [0m [0m [0m [0m
                                                               [0m [0m [0m [38;2;125;88;37m[48;2;125;28;47m▀[38;2;123;43;53m[48;2;151;36;63m▀[38;2;117;26;59m[48;2;178;36;62m▀[38;2;123;50;56m[48;2;176;37;60m▀[38;2;168;125;49m[48;2;114;41;50m▀[38;2;91;19;50m[48;2;101;55;51m▀[38;2;57;16;37m[48;2;50;15;30m▀[0m [0m [0m [0m [0m [0m [0m
                                                               [0m [0m [38;2;69;69;66m[48;2;72;86;76m▀[38;2;146;72;85m[48;2;92;61;59m▀[38;2;166;23;57m[48;2;166;33;61m▀[38;2;131;86;91m[48;2;128;74;86m▀[38;2;144;106;113m[48;2;135;116;90m▀[38;2;144;29;57m[48;2;196;93;67m▀[38;2;111;67;44m[48;2;105;52;54m▀[38;2;62;26;39m[48;2;62;29;31m▀[38;2;120;76;46m[48;2;146;42;54m▀[38;2;57;0;24m[48;2;144;44;56m▀[38;2;0;0;0m[48;2;123;21;48m▀[0m [0m [0m [0m
                                                               [0m [0m [38;2;51;6;17m[48;2;57;19;38m▀[38;2;170;44;55m[48;2;129;27;53m▀[38;2;180;42;63m[48;2;140;48;50m▀[38;2;151;19;62m[48;2;149;92;41m▀[38;2;208;129;50m[48;2;144;100;39m▀[38;2;164;114;45m[48;2;68;19;45m▀[38;2;66;19;47m[48;2;52;16;35m▀[38;2;62;26;29m[48;2;89;4;42m▀[38;2;131;34;56m[48;2;168;90;52m▀[38;2;166;81;53m[48;2;166;83;54m▀[38;2;176;89;54m[48;2;247;187;54m▀[38;2;106;9;47m[48;2;159;81;50m▀[0m [0m [0m
                                                               [0m [0m [0m [38;2;0;8;8m[48;2;87;13;43m▀[38;2;125;83;31m[48;2;214;144;53m▀[38;2;200;146;38m[48;2;255;203;53m▀[38;2;193;96;54m[48;2;182;87;53m▀[38;2;100;20;52m[48;2;157;27;63m▀[38;2;57;21;39m[48;2;107;35;50m▀[38;2;85;20;42m[48;2;161;101;35m▀[38;2;216;160;48m[48;2;227;171;48m▀[38;2;204;128;55m[48;2;181;120;51m▀[38;2;220;161;53m[48;2;108;60;42m▀[38;2;206;143;54m[48;2;85;71;35m▀[38;2;97;25;44m[48;2;95;35;42m▀[0m [0m
                                                               [0m [0m [0m [38;2;114;20;49m[48;2;129;21;56m▀[38;2;205;138;52m[48;2;129;59;50m▀[38;2;235;178;49m[48;2;111;64;37m▀[38;2;146;60;47m[48;2;125;13;57m▀[38;2;157;31;61m[48;2;99;26;51m▀[38;2;95;24;47m[48;2;81;26;55m▀[38;2;87;45;37m[48;2;82;20;56m▀[38;2;149;94;33m[48;2;36;3;36m▀[38;2;16;0;32m[48;2;255;153;51m▀[38;2;91;18;37m[48;2;102;26;49m▀[38;2;126;25;50m[48;2;63;18;43m▀[38;2;118;25;48m[48;2;123;30;56m▀[38;2;0;0;0m[48;2;109;24;45m▀[0m
                                                               [38;2;170;85;127m[48;2;114;90;84m▀[38;2;167;114;102m[48;2;161;119;95m▀[38;2;96;76;76m[48;2;133;103;90m▀[38;2;92;51;45m[48;2;87;50;60m▀[38;2;90;48;31m[48;2;124;55;35m▀[38;2;153;103;39m[48;2;227;161;44m▀[38;2;186;134;44m[48;2;241;170;48m▀[38;2;118;49;55m[48;2;166;97;40m▀[38;2;94;21;53m[48;2;149;33;58m▀[38;2;169;40;64m[48;2;186;42;67m▀[38;2;116;31;61m[48;2;119;28;54m▀[38;2;77;22;48m[48;2;126;26;62m▀[38;2;27;15;27m[48;2;150;28;59m▀[38;2;0;9;22m[48;2;147;27;60m▀[38;2;132;31;61m[48;2;165;45;66m▀[38;2;114;29;48m[48;2;101;49;36m▀[0m
                                                               [0m [38;2;85;64;60m[48;2;0;0;0m▀[38;2;102;83;68m[48;2;0;0;0m▀[38;2;83;20;37m[48;2;0;0;0m▀[38;2;102;21;57m[48;2;88;44;38m▀[38;2;104;48;40m[48;2;95;32;53m▀[38;2;166;94;36m[48;2;37;7;30m▀[38;2;152;91;29m[48;2;18;9;0m▀[38;2;131;36;54m[48;2;71;16;38m▀[38;2;147;30;66m[48;2;103;22;56m▀[38;2;113;53;44m[48;2;87;32;48m▀[38;2;164;88;48m[48;2;139;88;27m▀[38;2;163;59;62m[48;2;145;82;41m▀[38;2;168;63;62m[48;2;126;85;29m▀[38;2;134;70;44m[48;2;98;98;19m▀[0m [0m
                                                               [0m [38;2;187;112;112m[48;2;180;115;115m▀[38;2;166;102;95m[48;2;158;109;82m▀[38;2;150;75;81m[48;2;137;78;68m▀[38;2;83;45;33m[48;2;2;2;2m▀[0m [0m [0m [38;2;128;65;42m[48;2;45;52;6m▀[38;2;154;69;59m[48;2;29;47;11m▀[38;2;99;37;49m[48;2;46;46;0m▀[0m [0m [0m [0m [0m [0m[0m
[?25h[0m

Script terminado en 2026-08-19 10:52:44+01:00 [CÓDIGO_SALIDA_ORDEN="0"]
