Script iniciado en 2026-08-19 10:52:33+01:00 [COMMAND="/home/chegusan/.local/bin/hermes pets show jorgito --state idle --once" <no ejecutado en terminal>]
[?25lJorgito — mode=unicode  (Ctrl+C to stop)
                                                               [0m [0m [0m [38;2;0;0;0m[48;2;122;85;47m▀[38;2;0;0;0m[48;2;65;13;31m▀[38;2;95;31;0m[48;2;118;27;48m▀[38;2;123;25;45m[48;2;136;39;65m▀[38;2;85;14;41m[48;2;66;33;33m▀[0m [0m [0m [0m [0m [0m [0m [0m [0m
                                                               [0m [0m [38;2;123;82;43m[48;2;142;37;53m▀[38;2;128;57;48m[48;2;168;35;65m▀[38;2;129;25;60m[48;2;176;39;64m▀[38;2;133;26;58m[48;2;164;48;65m▀[38;2;166;115;61m[48;2;148;41;54m▀[38;2;111;42;45m[48;2;116;52;58m▀[38;2;65;5;37m[48;2;83;33;42m▀[0m [0m [0m [0m [0m [0m [0m [0m
                                                               [0m [38;2;102;119;119m[48;2;109;49;52m▀[38;2;104;107;102m[48;2;160;78;75m▀[38;2;164;24;49m[48;2;188;40;56m▀[38;2;185;90;106m[48;2;183;55;92m▀[38;2;60;105;84m[48;2;141;107;70m▀[38;2;141;32;63m[48;2;218;128;60m▀[38;2;155;75;56m[48;2;131;50;57m▀[38;2;67;31;39m[48;2;63;25;36m▀[38;2;125;89;50m[48;2;154;44;55m▀[38;2;54;0;23m[48;2;165;47;58m▀[38;2;0;0;0m[48;2;135;27;49m▀[0m [0m [0m [0m [0m
                                                               [0m [38;2;68;13;24m[48;2;0;0;0m▀[38;2;169;30;56m[48;2;105;51;37m▀[38;2;181;50;64m[48;2;161;112;41m▀[38;2;164;59;52m[48;2;172;125;35m▀[38;2;216;139;49m[48;2;167;107;31m▀[38;2;182;133;41m[48;2;88;20;48m▀[38;2;74;17;44m[48;2;60;10;46m▀[38;2;66;23;29m[48;2;72;0;41m▀[38;2;144;34;53m[48;2;170;86;47m▀[38;2;184;82;54m[48;2;174;80;49m▀[38;2;200;103;55m[48;2;248;189;53m▀[38;2;124;15;51m[48;2;179;95;52m▀[0m [0m [0m [0m
                                                               [0m [0m [0m [38;2;76;43;29m[48;2;146;102;46m▀[38;2;216;155;48m[48;2;255;217;67m▀[38;2;228;139;55m[48;2;215;130;57m▀[38;2;162;32;60m[48;2;189;31;65m▀[38;2;84;22;41m[48;2;176;40;62m▀[38;2;100;26;42m[48;2;153;87;31m▀[38;2;226;167;48m[48;2;214;160;42m▀[38;2;220;137;57m[48;2;174;114;51m▀[38;2;211;147;51m[48;2;100;42;38m▀[38;2;199;142;45m[48;2;62;22;31m▀[38;2;95;18;39m[48;2;74;21;31m▀[0m [0m [0m
                                                               [0m [0m [38;2;35;2;30m[48;2;119;12;49m▀[38;2;186;132;52m[48;2;189;130;50m▀[38;2;252;210;58m[48;2;251;205;58m▀[38;2;230;140;56m[48;2;243;171;51m▀[38;2;136;18;57m[48;2;161;41;60m▀[38;2;154;30;61m[48;2;136;24;57m▀[38;2;113;23;45m[48;2;138;26;52m▀[38;2;0;0;0m[48;2;53;12;39m▀[0m [38;2;95;15;39m[48;2;99;19;46m▀[38;2;126;23;57m[48;2;37;5;35m▀[38;2;132;25;55m[48;2;123;23;53m▀[38;2;0;0;0m[48;2;112;18;42m▀[0m [0m
                                                               [0m [38;2;95;31;23m[48;2;1;0;0m▀[38;2;79;10;38m[48;2;50;10;20m▀[38;2;114;62;28m[48;2;132;22;55m▀[38;2;243;176;45m[48;2;163;90;38m▀[38;2;251;199;53m[48;2;221;144;37m▀[38;2;165;92;48m[48;2;208;124;35m▀[38;2;115;15;47m[48;2;126;38;40m▀[38;2;148;29;53m[48;2;173;28;62m▀[38;2;100;18;55m[48;2;124;35;50m▀[38;2;115;19;55m[48;2;157;37;62m▀[38;2;70;23;23m[48;2;162;22;62m▀[38;2;87;14;39m[48;2;178;30;67m▀[38;2;161;28;63m[48;2;165;50;58m▀[38;2;103;27;38m[48;2;81;59;16m▀[0m [0m
                                                               [0m [0m [0m [38;2;123;23;59m[48;2;80;5;41m▀[38;2;95;16;57m[48;2;147;27;66m▀[38;2;116;48;38m[48;2;82;8;55m▀[38;2;147;89;22m[48;2;0;0;0m▀[38;2;128;41;46m[48;2;0;0;0m▀[38;2;150;22;67m[48;2;77;8;46m▀[38;2;109;44;43m[48;2;104;10;55m▀[38;2;165;96;34m[48;2;57;38;6m▀[38;2;165;73;48m[48;2;121;86;11m▀[38;2;150;66;44m[48;2;51;71;0m▀[38;2;127;76;29m[48;2;0;0;0m▀[0m [0m [0m
                                                               [0m [0m [38;2;99;63;31m[48;2;51;30;0m▀[38;2;150;65;56m[48;2;72;72;20m▀[38;2;143;34;61m[48;2;9;27;18m▀[38;2;56;14;31m[48;2;0;0;0m▀[0m [38;2;98;51;40m[48;2;102;63;42m▀[38;2;165;52;64m[48;2;118;82;47m▀[38;2;162;46;64m[48;2;113;72;49m▀[38;2;0;0;20m[48;2;68;17;34m▀[0m [0m [0m [0m [0m [0m[0m
[9F                                                               [0m [0m [0m [0m [0m [38;2;0;0;0m[48;2;132;30;46m▀[38;2;105;30;30m[48;2;122;22;57m▀[38;2;92;16;37m[48;2;59;12;36m▀[0m [0m [0m [0m [0m [0m [0m [0m [0m
                                                               [0m [0m [38;2;114;130;46m[48;2;143;38;44m▀[38;2;126;71;46m[48;2;154;43;60m▀[38;2;98;18;48m[48;2;167;33;64m▀[38;2;116;26;56m[48;2;174;40;62m▀[38;2;152;101;62m[48;2;157;73;55m▀[38;2;98;45;37m[48;2;104;31;56m▀[38;2;64;4;37m[48;2;70;14;38m▀[0m [0m [0m [0m [0m [0m [0m [0m
                                                               [0m [38;2;51;51;51m[48;2;130;88;93m▀[38;2;116;71;79m[48;2;125;103;90m▀[38;2;173;27;58m[48;2;179;37;50m▀[38;2;170;71;87m[48;2;186;91;111m▀[38;2;81;77;74m[48;2;102;110;73m▀[38;2;141;22;59m[48;2;198;91;65m▀[38;2;142;82;56m[48;2;131;50;56m▀[38;2;69;32;39m[48;2;60;24;33m▀[38;2;102;102;40m[48;2;151;53;53m▀[38;2;0;0;0m[48;2;152;36;54m▀[38;2;0;0;0m[48;2;119;19;43m▀[0m [0m [0m [0m [0m
                                                               [0m [38;2;65;13;22m[48;2;0;0;36m▀[38;2;180;36;57m[48;2;118;33;45m▀[38;2;185;38;66m[48;2;168;89;50m▀[38;2;162;29;60m[48;2;175;125;42m▀[38;2;220;131;55m[48;2;170;118;31m▀[38;2;214;158;45m[48;2;94;35;44m▀[38;2;90;29;47m[48;2;63;6;46m▀[38;2;66;23;33m[48;2;65;0;32m▀[38;2;145;28;55m[48;2;161;70;47m▀[38;2;192;80;58m[48;2;173;77;48m▀[38;2;179;78;52m[48;2;246;182;54m▀[38;2;114;3;51m[48;2;159;68;53m▀[0m [0m [0m [0m
                                                               [0m [0m [0m [38;2;100;83;23m[48;2;115;72;44m▀[38;2;192;129;37m[48;2;253;207;65m▀[38;2;214;126;49m[48;2;221;136;59m▀[38;2;138;26;58m[48;2;197;34;66m▀[38;2;64;17;39m[48;2;160;40;58m▀[38;2;86;9;45m[48;2;151;84;34m▀[38;2;208;145;47m[48;2;225;170;44m▀[38;2;204;119;53m[48;2;197;132;55m▀[38;2;224;162;52m[48;2;122;62;42m▀[38;2;197;132;48m[48;2;94;69;27m▀[38;2;80;13;34m[48;2;79;19;33m▀[0m [0m [0m
                                                               [0m [0m [38;2;0;0;12m[48;2;107;6;49m▀[38;2;157;111;47m[48;2;185;123;55m▀[38;2;252;211;61m[48;2;253;210;58m▀[38;2;224;134;56m[48;2;239;161;52m▀[38;2;143;20;58m[48;2;153;29;60m▀[38;2;166;32;63m[48;2;136;27;57m▀[38;2;123;42;40m[48;2;129;20;51m▀[38;2;130;93;15m[48;2;29;0;31m▀[38;2;30;0;25m[48;2;0;0;0m▀[38;2;91;15;38m[48;2;102;20;46m▀[38;2;131;21;58m[48;2;67;12;43m▀[38;2;124;25;53m[48;2;128;24;54m▀[38;2;0;0;0m[48;2;100;15;37m▀[0m [0m
                                                               [0m [0m [38;2;102;12;44m[48;2;55;9;29m▀[38;2;128;77;34m[48;2;104;18;42m▀[38;2;246;187;50m[48;2;190;114;38m▀[38;2;252;198;53m[48;2;234;166;43m▀[38;2;168;86;53m[48;2;208;128;38m▀[38;2;123;14;52m[48;2;121;36;38m▀[38;2;151;31;54m[48;2;164;27;59m▀[38;2;90;17;52m[48;2;123;28;52m▀[38;2;100;18;54m[48;2;144;29;62m▀[38;2;38;16;22m[48;2;158;19;60m▀[38;2;41;6;27m[48;2;166;26;63m▀[38;2;154;26;61m[48;2;174;49;61m▀[38;2;100;24;36m[48;2;91;54;20m▀[0m [0m
                                                               [0m [0m [0m [38;2;140;26;60m[48;2;0;0;20m▀[38;2;107;23;57m[48;2;123;20;62m▀[38;2;127;59;34m[48;2;88;10;57m▀[38;2;161;97;24m[48;2;0;0;0m▀[38;2;132;47;42m[48;2;0;0;0m▀[38;2;169;25;70m[48;2;68;9;44m▀[38;2;117;42;45m[48;2;95;11;54m▀[38;2;164;92;38m[48;2;92;56;16m▀[38;2;175;70;54m[48;2;139;98;17m▀[38;2;154;63;46m[48;2;78;78;0m▀[38;2;131;77;33m[48;2;0;0;0m▀[0m [0m [0m
                                                               [0m [0m [38;2;98;66;31m[48;2;73;49;19m▀[38;2;141;56;52m[48;2;114;72;38m▀[38;2;162;35;67m[48;2;80;35;41m▀[38;2;77;15;42m[48;2;0;0;0m▀[0m [38;2;92;49;35m[48;2;99;59;43m▀[38;2;151;41;60m[48;2;136;80;53m▀[38;2;172;41;68m[48;2;133;73;55m▀[38;2;5;0;21m[48;2;70;35;35m▀[0m [0m [0m [0m [0m [0m[0m
[9F                                                               [0m [0m [0m [38;2;0;0;0m[48;2;106;85;49m▀[38;2;0;0;0m[48;2;61;10;25m▀[38;2;0;0;0m[48;2;120;28;46m▀[38;2;111;29;35m[48;2;134;29;62m▀[38;2;89;17;37m[48;2;71;22;39m▀[0m [0m [0m [0m [0m [0m [0m [0m [0m
                                                               [0m [0m [38;2;117;88;42m[48;2;144;34;50m▀[38;2;125;60;46m[48;2;165;36;64m▀[38;2;119;23;57m[48;2;174;37;64m▀[38;2;119;21;56m[48;2;170;41;62m▀[38;2;159;104;63m[48;2;159;56;56m▀[38;2;121;63;45m[48;2;111;41;57m▀[38;2;61;2;37m[48;2;85;26;45m▀[0m [0m [0m [0m [0m [0m [0m [0m
                                                               [0m [38;2;87;105;105m[48;2;121;64;68m▀[38;2;107;101;101m[48;2;146;91;84m▀[38;2;163;25;51m[48;2;182;38;51m▀[38;2;189;75;96m[48;2;195;70;101m▀[38;2;80;101;92m[48;2;107;111;81m▀[38;2;126;25;59m[48;2;188;99;62m▀[38;2;167;86;59m[48;2;147;51;60m▀[38;2;82;39;42m[48;2;56;23;36m▀[38;2;104;97;48m[48;2;149;57;52m▀[38;2;0;42;0m[48;2;155;37;56m▀[38;2;0;0;0m[48;2;114;21;43m▀[0m [0m [0m [0m [0m
                                                               [0m [38;2;84;16;28m[48;2;0;0;42m▀[38;2;188;33;60m[48;2;118;46;42m▀[38;2;178;42;64m[48;2;162;106;44m▀[38;2;162;40;57m[48;2;169;125;38m▀[38;2;216;128;55m[48;2;169;118;31m▀[38;2;216;159;45m[48;2;94;35;44m▀[38;2;91;30;46m[48;2;63;6;46m▀[38;2;71;30;34m[48;2;65;0;32m▀[38;2;144;27;54m[48;2;162;71;47m▀[38;2;191;79;59m[48;2;172;77;48m▀[38;2;173;67;52m[48;2;238;172;52m▀[38;2;117;6;48m[48;2;163;67;54m▀[0m [0m [0m [0m
                                                               [0m [0m [0m [38;2;80;58;25m[48;2;151;105;48m▀[38;2;203;139;42m[48;2;255;217;68m▀[38;2;216;128;48m[48;2;218;133;59m▀[38;2;137;26;58m[48;2;197;35;66m▀[38;2;64;17;39m[48;2;160;40;58m▀[38;2;86;9;45m[48;2;151;84;34m▀[38;2;208;145;47m[48;2;225;170;44m▀[38;2;203;118;52m[48;2;197;129;54m▀[38;2;237;172;54m[48;2;147;86;45m▀[38;2;231;161;55m[48;2;144;129;30m▀[38;2;92;13;40m[48;2;91;29;33m▀[0m [0m [0m
                                                               [0m [0m [38;2;24;0;26m[48;2;121;16;49m▀[38;2;197;144;54m[48;2;201;145;53m▀[38;2;252;209;59m[48;2;251;206;58m▀[38;2;225;135;55m[48;2;240;162;52m▀[38;2;143;19;58m[48;2;155;31;60m▀[38;2;166;32;63m[48;2;135;26;57m▀[38;2;123;42;40m[48;2;130;20;50m▀[38;2;132;95;15m[48;2;26;0;31m▀[38;2;33;0;23m[48;2;0;0;0m▀[38;2;76;8;34m[48;2;108;21;46m▀[38;2;132;14;62m[48;2;78;16;45m▀[38;2;115;21;49m[48;2;128;24;55m▀[38;2;0;0;0m[48;2;118;22;40m▀[0m [0m
                                                               [0m [38;2;109;26;35m[48;2;117;19;39m▀[38;2;90;11;42m[48;2;72;12;32m▀[38;2;146;93;30m[48;2;129;30;49m▀[38;2;250;186;50m[48;2;191;122;35m▀[38;2;252;198;52m[48;2;236;162;44m▀[38;2;155;72;52m[48;2;189;111;36m▀[38;2;131;17;54m[48;2;101;23;34m▀[38;2;148;29;53m[48;2;158;28;56m▀[38;2;92;19;52m[48;2;112;22;53m▀[38;2;97;20;51m[48;2;151;23;64m▀[38;2;30;8;30m[48;2;156;22;55m▀[38;2;0;0;20m[48;2;163;24;60m▀[38;2;139;24;58m[48;2;182;41;67m▀[38;2;113;23;44m[48;2;90;46;23m▀[0m [0m
                                                               [0m [0m [38;2;119;39;39m[48;2;0;0;0m▀[38;2;136;23;65m[48;2;56;0;36m▀[38;2;100;29;49m[48;2;129;22;66m▀[38;2;160;85;30m[48;2;77;9;52m▀[38;2;168;100;26m[48;2;0;0;0m▀[38;2;139;38;48m[48;2;45;6;32m▀[38;2;177;26;70m[48;2;83;13;51m▀[38;2;124;55;42m[48;2;89;19;49m▀[38;2;173;84;47m[48;2;143;95;20m▀[38;2;181;50;65m[48;2;153;96;29m▀[38;2;183;55;63m[48;2;120;79;24m▀[38;2;141;66;42m[48;2;69;92;0m▀[0m [0m [0m
                                                               [0m [0m [38;2;107;62;39m[48;2;85;55;23m▀[38;2;157;54;59m[48;2;119;76;40m▀[38;2;156;32;66m[48;2;68;24;37m▀[38;2;65;12;40m[48;2;0;0;0m▀[0m [38;2;80;36;36m[48;2;103;57;41m▀[38;2;152;33;61m[48;2;152;77;59m▀[38;2;143;27;59m[48;2;134;62;55m▀[0m [0m [0m [0m [0m [0m [0m[0m
[9F                                                               [0m [0m [0m [38;2;0;0;0m[48;2;127;87;46m▀[38;2;0;0;0m[48;2;78;13;39m▀[38;2;127;42;25m[48;2;108;23;48m▀[38;2;135;27;52m[48;2;140;46;67m▀[38;2;90;14;44m[48;2;82;48;37m▀[0m [0m [0m [0m [0m [0m [0m [0m [0m
                                                               [0m [0m [38;2;131;56;41m[48;2;130;48;63m▀[38;2;143;57;53m[48;2;170;32;64m▀[38;2;144;30;64m[48;2;178;43;69m▀[38;2;141;21;57m[48;2;146;56;69m▀[38;2;170;109;62m[48;2;149;35;56m▀[38;2;122;59;48m[48;2;123;55;58m▀[38;2;64;1;39m[48;2;92;43;47m▀[0m [0m [0m [0m [0m [0m [0m [0m
                                                               [0m [38;2;105;99;94m[48;2;97;31;35m▀[38;2;104;112;102m[48;2;177;58;66m▀[38;2;163;25;46m[48;2;194;41;61m▀[38;2;192;97;112m[48;2;176;40;82m▀[38;2;53;112;83m[48;2;161;102;65m▀[38;2;135;40;65m[48;2;233;149;58m▀[38;2;161;69;57m[48;2;138;54;58m▀[38;2;71;35;41m[48;2;64;26;36m▀[38;2;128;92;49m[48;2;149;39;53m▀[38;2;83;17;29m[48;2;167;45;60m▀[38;2;0;0;0m[48;2;144;34;50m▀[0m [0m [0m [0m [0m
                                                               [0m [38;2;62;7;23m[48;2;0;0;0m▀[38;2;153;30;53m[48;2;90;55;31m▀[38;2;174;54;61m[48;2;149;111;39m▀[38;2;160;77;49m[48;2;175;125;35m▀[38;2;213;151;48m[48;2;173;108;32m▀[38;2;182;134;40m[48;2;91;19;47m▀[38;2;70;15;41m[48;2;63;11;46m▀[38;2;49;19;26m[48;2;68;0;40m▀[38;2;139;33;52m[48;2;168;86;47m▀[38;2;175;68;55m[48;2;172;75;48m▀[38;2;206;110;54m[48;2;241;180;52m▀[38;2;139;28;54m[48;2;187;102;54m▀[0m [0m [0m [0m
                                                               [0m [0m [38;2;0;0;0m[48;2;0;0;13m▀[38;2;101;61;35m[48;2;162;116;51m▀[38;2;231;172;52m[48;2;255;217;66m▀[38;2;226;131;57m[48;2;210;116;57m▀[38;2;161;29;61m[48;2;189;31;65m▀[38;2;85;23;41m[48;2;176;41;62m▀[38;2;100;26;42m[48;2;152;86;31m▀[38;2;228;168;48m[48;2;216;160;42m▀[38;2;223;142;55m[48;2;187;126;52m▀[38;2;210;142;52m[48;2;119;56;42m▀[38;2;211;154;48m[48;2;88;63;29m▀[38;2;101;20;40m[48;2;81;26;31m▀[0m [0m [0m
                                                               [0m [38;2;0;0;0m[48;2;101;21;35m▀[38;2;68;10;38m[48;2;129;23;50m▀[38;2;205;150;55m[48;2;205;157;52m▀[38;2;253;209;57m[48;2;250;205;59m▀[38;2;226;127;57m[48;2;238;157;53m▀[38;2;133;14;57m[48;2;151;30;60m▀[38;2;157;31;62m[48;2;141;27;57m▀[38;2;109;24;43m[48;2;126;24;50m▀[38;2;0;0;0m[48;2;43;9;35m▀[0m [38;2;87;14;37m[48;2;102;19;47m▀[38;2;130;22;59m[48;2;57;10;40m▀[38;2;128;24;53m[48;2;128;24;54m▀[38;2;0;0;0m[48;2;97;17;38m▀[0m [0m
                                                               [0m [38;2;117;26;39m[48;2;0;0;0m▀[38;2;77;9;38m[48;2;85;15;35m▀[38;2;140;85;29m[48;2;142;28;57m▀[38;2;250;183;48m[48;2;173;106;34m▀[38;2;249;196;52m[48;2;226;145;39m▀[38;2;150;75;48m[48;2;198;116;35m▀[38;2;125;16;50m[48;2;119;30;40m▀[38;2;144;28;53m[48;2;170;29;60m▀[38;2;96;18;55m[48;2;116;29;52m▀[38;2;108;20;54m[48;2;153;27;64m▀[38;2;37;15;26m[48;2;159;20;60m▀[38;2;33;7;26m[48;2;168;25;64m▀[38;2;147;25;60m[48;2;179;46;64m▀[38;2;109;25;45m[48;2;90;49;21m▀[0m [0m
                                                               [0m [0m [0m [38;2;118;21;61m[48;2;99;11;44m▀[38;2;95;20;54m[48;2;150;27;72m▀[38;2;124;57;33m[48;2;57;0;48m▀[38;2;146;88;24m[48;2;0;0;0m▀[38;2;136;34;51m[48;2;0;0;0m▀[38;2;154;22;67m[48;2;81;11;49m▀[38;2;121;60;38m[48;2;92;12;50m▀[38;2;172;92;42m[48;2;127;83;18m▀[38;2;173;64;56m[48;2;144;98;22m▀[38;2;163;62;51m[48;2;89;75;9m▀[38;2;134;71;37m[48;2;0;0;0m▀[0m [0m [0m
                                                               [0m [0m [38;2;108;63;37m[48;2;58;43;7m▀[38;2;165;60;63m[48;2;90;74;35m▀[38;2;126;25;56m[48;2;8;8;17m▀[38;2;28;14;21m[48;2;0;0;0m▀[0m [38;2;101;39;42m[48;2;109;65;44m▀[38;2;176;45;69m[48;2;145;85;57m▀[38;2;142;33;58m[48;2;123;65;52m▀[0m [0m [0m [0m [0m [0m [0m[0m
[9F                                                               [0m [0m [38;2;0;0;0m[48;2;110;144;55m▀[38;2;0;0;0m[48;2;123;76;45m▀[38;2;0;0;0m[48;2;90;17;44m▀[38;2;138;38;38m[48;2;105;20;49m▀[38;2;128;23;53m[48;2;144;64;66m▀[38;2;78;11;41m[48;2;97;64;36m▀[0m [0m [0m [0m [0m [0m [0m [0m [0m
                                                               [0m [0m [38;2;137;44;41m[48;2;129;61;74m▀[38;2;149;47;58m[48;2;174;31;63m▀[38;2;159;33;65m[48;2;180;49;73m▀[38;2;159;28;59m[48;2;130;68;75m▀[38;2;171;101;59m[48;2;138;23;55m▀[38;2;111;38;51m[48;2;139;75;59m▀[38;2;68;5;41m[48;2;94;47;45m▀[0m [0m [0m [0m [0m [0m [0m [0m
                                                               [0m [38;2;146;146;146m[48;2;95;27;34m▀[38;2;109;118;105m[48;2;184;51;64m▀[38;2;164;28;44m[48;2;188;37;62m▀[38;2;201;94;112m[48;2;172;29;74m▀[38;2;68;122;94m[48;2;176;106;65m▀[38;2;142;50;64m[48;2;232;157;54m▀[38;2;161;62;58m[48;2;125;50;55m▀[38;2;62;24;38m[48;2;69;28;37m▀[38;2;135;82;52m[48;2;151;31;55m▀[38;2;118;21;47m[48;2;186;61;63m▀[38;2;0;0;0m[48;2;146;37;50m▀[0m [0m [0m [0m [0m
                                                               [0m [38;2;72;14;28m[48;2;0;0;0m▀[38;2;148;33;52m[48;2;90;80;30m▀[38;2;179;80;58m[48;2;130;106;29m▀[38;2;167;99;47m[48;2;174;118;33m▀[38;2;199;140;42m[48;2;179;106;34m▀[38;2;145;95;40m[48;2;98;16;52m▀[38;2;64;6;43m[48;2;56;13;42m▀[38;2;60;20;25m[48;2;72;0;45m▀[38;2;148;45;52m[48;2;179;104;47m▀[38;2;178;80;50m[48;2;181;89;50m▀[38;2;215;126;55m[48;2;247;188;53m▀[38;2;135;28;54m[48;2;205;126;55m▀[38;2;0;0;0m[48;2;40;0;40m▀[0m [0m [0m
                                                               [0m [0m [38;2;0;0;0m[48;2;0;0;14m▀[38;2;114;72;42m[48;2;181;132;53m▀[38;2;243;192;60m[48;2;253;213;64m▀[38;2;230;142;59m[48;2;215;128;56m▀[38;2;183;35;63m[48;2;173;27;62m▀[38;2;110;29;46m[48;2;179;38;63m▀[38;2;123;50;41m[48;2;149;80;33m▀[38;2;239;181;49m[48;2;200;148;38m▀[38;2;226;146;58m[48;2;141;87;47m▀[38;2;198;131;51m[48;2;81;24;36m▀[38;2;201;154;44m[48;2;85;0;49m▀[38;2;104;26;39m[48;2;68;19;30m▀[0m [0m [0m
                                                               [0m [38;2;0;0;0m[48;2;109;30;36m▀[38;2;87;11;42m[48;2;115;16;47m▀[38;2;204;147;55m[48;2;180;127;42m▀[38;2;252;209;57m[48;2;251;198;56m▀[38;2;234;147;55m[48;2;248;184;51m▀[38;2;139;19;57m[48;2;162;52;59m▀[38;2;143;28;59m[48;2;138;22;58m▀[38;2;114;16;47m[48;2;147;29;53m▀[38;2;0;0;0m[48;2;69;16;44m▀[38;2;0;0;0m[48;2;60;20;46m▀[38;2;102;18;42m[48;2;92;17;47m▀[38;2;117;23;55m[48;2;7;0;30m▀[38;2;135;25;55m[48;2;121;22;54m▀[38;2;105;30;30m[48;2;117;20;45m▀[0m [0m
                                                               [0m [38;2;112;29;35m[48;2;0;0;0m▀[38;2;65;8;34m[48;2;110;22;34m▀[38;2;120;51;31m[48;2;152;24;66m▀[38;2;232;162;41m[48;2;136;67;38m▀[38;2;247;189;51m[48;2;208;126;33m▀[38;2;162;93;42m[48;2;202;119;33m▀[38;2;105;15;41m[48;2;133;37;43m▀[38;2;147;28;53m[48;2;181;29;65m▀[38;2;105;17;56m[48;2;125;43;48m▀[38;2;132;20;57m[48;2;166;48;61m▀[38;2;109;26;36m[48;2;173;26;66m▀[38;2;123;21;47m[48;2;189;35;71m▀[38;2;170;31;65m[48;2;157;51;54m▀[38;2;102;32;37m[48;2;67;60;13m▀[0m [0m
                                                               [0m [0m [38;2;0;0;0m[48;2;100;50;41m▀[38;2;91;16;51m[48;2;132;28;53m▀[38;2;98;16;59m[48;2;168;32;72m▀[38;2;103;37;41m[48;2;73;7;51m▀[38;2;118;71;20m[48;2;0;0;0m▀[38;2;122;34;48m[48;2;0;0;0m▀[38;2;128;20;63m[48;2;96;11;50m▀[38;2;103;44;42m[48;2;113;10;56m▀[38;2;164;99;31m[48;2;0;0;0m▀[38;2;160;77;42m[48;2;124;88;11m▀[38;2;145;69;40m[48;2;0;51;0m▀[38;2;127;83;26m[48;2;0;0;0m▀[0m [0m [0m
                                                               [0m [0m [38;2;103;63;33m[48;2;0;0;0m▀[38;2;148;69;55m[48;2;0;0;0m▀[38;2;119;28;54m[48;2;0;0;0m▀[38;2;27;6;20m[48;2;0;0;0m▀[0m [38;2;102;51;41m[48;2;100;59;41m▀[38;2;177;63;68m[48;2;97;83;38m▀[38;2;148;48;59m[48;2;95;74;42m▀[0m [0m [0m [0m [0m [0m [0m[0m
[9F                                                               [0m [0m [0m [38;2;0;0;0m[48;2;125;86;46m▀[38;2;0;0;0m[48;2;71;14;34m▀[38;2;124;32;26m[48;2;116;25;52m▀[38;2;125;22;50m[48;2;134;53;64m▀[38;2;79;12;40m[48;2;63;44;24m▀[0m [0m [0m [0m [0m [0m [0m [0m [0m
                                                               [0m [0m [38;2;125;72;40m[48;2;139;40;57m▀[38;2;133;56;50m[48;2;170;32;64m▀[38;2;139;26;61m[48;2;173;44;68m▀[38;2;148;33;60m[48;2;146;52;67m▀[38;2;168;115;58m[48;2;140;29;54m▀[38;2;100;25;47m[48;2;121;65;58m▀[38;2;64;8;39m[48;2;77;32;40m▀[0m [0m [0m [0m [0m [0m [0m [0m
                                                               [0m [38;2;127;127;127m[48;2;92;36;39m▀[38;2;101;107;99m[48;2;167;64;68m▀[38;2;168;26;49m[48;2;192;41;61m▀[38;2;179;102;112m[48;2;174;41;83m▀[38;2;56;106;77m[48;2;180;112;64m▀[38;2;161;44;66m[48;2;233;153;55m▀[38;2;139;63;54m[48;2;116;46;53m▀[38;2;62;27;36m[48;2;65;24;33m▀[38;2;137;74;49m[48;2;153;33;57m▀[38;2;109;13;43m[48;2;181;61;61m▀[38;2;0;0;0m[48;2;150;40;51m▀[0m [0m [0m [0m [0m
                                                               [0m [38;2;47;5;17m[48;2;0;0;0m▀[38;2;147;26;50m[48;2;82;53;28m▀[38;2;183;59;63m[48;2;155;114;38m▀[38;2;167;82;49m[48;2;176;123;34m▀[38;2;202;141;42m[48;2;178;105;34m▀[38;2;144;96;40m[48;2;98;16;52m▀[38;2;67;7;43m[48;2;56;13;42m▀[38;2;58;19;24m[48;2;73;0;45m▀[38;2;149;46;51m[48;2;180;104;47m▀[38;2;179;81;50m[48;2;180;89;50m▀[38;2;224;141;55m[48;2;252;191;55m▀[38;2;131;26;53m[48;2;187;112;51m▀[0m [0m [0m [0m
                                                               [0m [0m [0m [38;2;75;36;36m[48;2;139;97;46m▀[38;2;228;172;53m[48;2;255;215;66m▀[38;2;232;145;60m[48;2;216;129;56m▀[38;2;182;35;63m[48;2;172;27;63m▀[38;2;110;29;46m[48;2;179;38;63m▀[38;2;123;50;41m[48;2;149;80;33m▀[38;2;239;181;48m[48;2;200;147;39m▀[38;2;229;148;59m[48;2;140;90;46m▀[38;2;181;117;48m[48;2;78;13;37m▀[38;2;170;125;39m[48;2;105;0;54m▀[38;2;93;22;36m[48;2;73;17;34m▀[0m [0m [0m
                                                               [0m [0m [38;2;58;0;38m[48;2;119;10;49m▀[38;2;175;120;52m[48;2;171;111;47m▀[38;2;251;211;57m[48;2;251;202;56m▀[38;2;233;146;55m[48;2;247;182;51m▀[38;2;139;18;57m[48;2;164;55;59m▀[38;2;143;29;59m[48;2;135;20;57m▀[38;2;114;16;47m[48;2;148;29;54m▀[38;2;0;0;0m[48;2;69;16;43m▀[38;2;0;0;0m[48;2;75;28;52m▀[38;2;105;20;43m[48;2;72;14;44m▀[38;2;112;23;52m[48;2;0;0;26m▀[38;2;133;26;54m[48;2;131;23;56m▀[38;2;98;19;19m[48;2;103;17;41m▀[0m [0m
                                                               [0m [0m [38;2;77;11;37m[48;2;0;12;0m▀[38;2;93;35;30m[48;2;135;21;56m▀[38;2;228;158;40m[48;2;143;59;47m▀[38;2;252;196;51m[48;2;186;113;32m▀[38;2;184;114;44m[48;2;198;119;31m▀[38;2;108;19;42m[48;2;141;50;42m▀[38;2;151;28;53m[48;2;185;27;69m▀[38;2;109;19;55m[48;2;132;43;48m▀[38;2;122;16;59m[48;2;166;66;54m▀[38;2;139;20;46m[48;2;180;39;68m▀[38;2;140;18;54m[48;2;189;49;67m▀[38;2;178;36;67m[48;2;149;62;47m▀[38;2;96;37;32m[48;2;67;67;0m▀[0m [0m
                                                               [0m [0m [0m [38;2;90;15;51m[48;2;118;31;48m▀[38;2;96;13;61m[48;2;164;31;68m▀[38;2;90;19;49m[48;2;91;14;52m▀[38;2;91;54;15m[48;2;0;0;0m▀[38;2;104;35;38m[48;2;0;0;0m▀[38;2;110;18;58m[48;2;102;14;49m▀[38;2;91;26;48m[48;2;137;18;61m▀[38;2;152;95;27m[48;2;0;0;9m▀[38;2;157;91;32m[48;2;0;0;0m▀[38;2;130;78;27m[48;2;0;0;0m▀[0m [0m [0m [0m
                                                               [0m [0m [38;2;89;61;28m[48;2;0;0;0m▀[38;2;137;69;49m[48;2;0;0;0m▀[38;2;128;35;57m[48;2;0;0;0m▀[38;2;42;6;24m[48;2;0;0;0m▀[0m [38;2;98;54;40m[48;2;111;63;47m▀[38;2;157;66;61m[48;2;66;78;24m▀[38;2;159;61;63m[48;2;65;77;29m▀[38;2;58;20;29m[48;2;255;127;0m▀[0m [0m [0m [0m [0m [0m[0m
[?25h[0m

Script terminado en 2026-08-19 10:52:34+01:00 [CÓDIGO_SALIDA_ORDEN="0"]
