Script iniciado en 2026-08-17 20:50:12+01:00 [COMMAND="HERMES_HOME=/home/chegusan/.hermes-jorgito-test hermes pets show jorgito --state failed --once --mode unicode" <no ejecutado en terminal>]
[?25lJorgito — mode=unicode  (Ctrl+C to stop)
                                                               [0m [0m [0m [0m [0m [0m [38;2;0;0;0m[48;2;120;47;41m▀[38;2;97;51;37m[48;2;101;38;57m▀[38;2;77;15;15m[48;2;39;8;22m▀[0m [38;2;226;210;228m[48;2;241;226;244m▀[38;2;228;210;228m[48;2;212;198;215m▀[0m [0m [0m [0m [0m
                                                               [0m [0m [0m [38;2;167;134;41m[48;2;108;64;35m▀[38;2;110;61;38m[48;2;125;46;53m▀[38;2;75;27;44m[48;2;144;38;65m▀[38;2;100;39;52m[48;2;144;41;58m▀[38;2;139;96;52m[48;2;144;89;44m▀[38;2;93;50;30m[48;2;87;33;52m▀[38;2;93;55;87m[48;2;57;22;40m▀[38;2;195;183;201m[48;2;0;0;0m▀[38;2;196;184;202m[48;2;0;0;0m▀[0m [0m [0m [0m [0m
                                                               [0m [38;2;28;0;28m[48;2;105;27;48m▀[38;2;105;47;39m[48;2;114;30;48m▀[38;2;129;53;53m[48;2;96;94;91m▀[38;2;153;40;67m[48;2;137;59;77m▀[38;2;146;43;62m[48;2;136;57;75m▀[38;2;142;49;68m[48;2;110;124;117m▀[38;2;121;27;54m[48;2;151;55;72m▀[38;2;120;80;42m[48;2;103;50;44m▀[38;2;69;34;38m[48;2;54;28;36m▀[38;2;102;122;51m[48;2;136;72;50m▀[38;2;0;1;0m[48;2;102;22;48m▀[0m [0m [0m [0m [0m
                                                               [0m [38;2;123;32;48m[48;2;126;31;49m▀[38;2;118;34;59m[48;2;141;39;61m▀[38;2;118;48;55m[48;2;134;36;53m▀[38;2;166;47;61m[48;2;155;42;58m▀[38;2;146;47;67m[48;2;151;35;63m▀[38;2;141;60;73m[48;2;140;28;58m▀[38;2;149;43;65m[48;2;85;27;45m▀[38;2;96;52;43m[48;2;49;19;38m▀[38;2;58;26;35m[48;2;74;6;18m▀[38;2;128;33;56m[48;2;125;52;48m▀[38;2;151;67;57m[48;2;153;85;52m▀[38;2;120;39;46m[48;2;207;138;53m▀[38;2;88;0;39m[48;2;107;30;43m▀[0m [0m [0m
                                                               [0m [38;2;85;25;40m[48;2;0;0;0m▀[38;2;130;38;64m[48;2;73;29;42m▀[38;2;82;30;51m[48;2;84;30;65m▀[38;2;82;22;40m[48;2;148;94;52m▀[38;2;123;50;46m[48;2;222;170;42m▀[38;2;150;88;49m[48;2;209;116;61m▀[38;2;76;29;50m[48;2;134;30;62m▀[38;2;46;22;36m[48;2;77;30;44m▀[38;2;67;4;42m[48;2;125;68;43m▀[38;2;173;112;46m[48;2;239;175;50m▀[38;2;162;90;52m[48;2;206;134;55m▀[38;2;244;179;55m[48;2;171;111;46m▀[38;2;195;128;52m[48;2;185;135;45m▀[38;2;41;0;31m[48;2;93;34;37m▀[0m [0m
                                                               [0m [0m [38;2;74;27;27m[48;2;0;0;0m▀[38;2;36;9;36m[48;2;0;0;0m▀[38;2;179;123;46m[48;2;199;146;44m▀[38;2;255;196;53m[48;2;230;164;50m▀[38;2;172;101;54m[48;2;150;84;49m▀[38;2;127;28;60m[48;2;132;31;56m▀[38;2;131;39;54m[48;2;131;37;61m▀[38;2;132;87;28m[48;2;24;7;28m▀[38;2;207;148;46m[48;2;0;0;0m▀[38;2;121;71;41m[48;2;0;0;0m▀[38;2;69;21;37m[48;2;55;22;22m▀[0m [38;2;66;22;27m[48;2;0;0;0m▀[0m [0m
                                                               [0m [0m [0m [38;2;0;0;0m[48;2;42;4;28m▀[38;2;203;143;42m[48;2;151;86;37m▀[38;2;169;108;43m[48;2;190;135;40m▀[38;2;130;22;58m[48;2;128;78;36m▀[38;2;120;32;58m[48;2;98;53;40m▀[38;2;70;26;43m[48;2;121;33;56m▀[38;2;124;37;60m[48;2;175;43;67m▀[38;2;86;31;52m[48;2;115;33;59m▀[38;2;33;22;11m[48;2;68;26;51m▀[38;2;0;0;0m[48;2;46;21;35m▀[0m [0m [0m [0m
                                                               [0m [0m [0m [38;2;95;19;41m[48;2;0;0;0m▀[38;2;103;31;51m[48;2;76;30;39m▀[38;2;153;95;35m[48;2;81;33;48m▀[38;2;199;126;37m[48;2;119;47;35m▀[38;2;164;101;32m[48;2;153;63;45m▀[38;2;139;39;59m[48;2;108;31;43m▀[38;2;161;40;69m[48;2;112;28;46m▀[38;2;81;32;39m[48;2;119;38;47m▀[38;2;98;37;55m[48;2;164;43;63m▀[38;2;124;33;58m[48;2;133;38;64m▀[38;2;28;11;23m[48;2;33;15;30m▀[0m [0m [0m
                                                               [0m [0m [0m [0m [38;2;77;55;21m[48;2;0;0;0m▀[38;2;105;40;44m[48;2;46;12;34m▀[38;2;101;26;54m[48;2;49;21;34m▀[38;2;106;30;55m[48;2;20;14;20m▀[38;2;133;38;61m[48;2;48;21;40m▀[38;2;136;39;62m[48;2;57;23;42m▀[38;2;137;38;65m[48;2;51;22;39m▀[38;2;110;35;62m[48;2;44;19;36m▀[38;2;69;25;46m[48;2;0;0;0m▀[0m [0m [0m [0m[0m
[9F                                                               [0m [0m [0m [0m [0m [0m [38;2;0;0;0m[48;2;120;47;41m▀[38;2;97;51;37m[48;2;101;38;57m▀[38;2;77;15;15m[48;2;39;8;22m▀[0m [38;2;226;210;228m[48;2;241;226;244m▀[38;2;228;210;228m[48;2;212;198;215m▀[0m [0m [0m [0m [0m
                                                               [0m [0m [0m [38;2;167;134;41m[48;2;108;64;35m▀[38;2;110;61;38m[48;2;125;46;53m▀[38;2;75;27;44m[48;2;144;38;65m▀[38;2;100;39;52m[48;2;144;41;58m▀[38;2;139;96;52m[48;2;144;89;44m▀[38;2;93;50;30m[48;2;87;33;52m▀[38;2;93;55;87m[48;2;57;22;40m▀[38;2;195;183;201m[48;2;0;0;0m▀[38;2;196;184;202m[48;2;0;0;0m▀[0m [0m [0m [0m [0m
                                                               [0m [38;2;28;0;28m[48;2;105;27;48m▀[38;2;105;47;39m[48;2;114;30;48m▀[38;2;129;53;53m[48;2;96;94;91m▀[38;2;153;40;67m[48;2;137;59;77m▀[38;2;146;43;62m[48;2;136;57;75m▀[38;2;142;49;68m[48;2;110;124;117m▀[38;2;121;27;54m[48;2;151;55;72m▀[38;2;120;80;42m[48;2;103;50;44m▀[38;2;69;34;38m[48;2;54;28;36m▀[38;2;102;122;51m[48;2;136;72;50m▀[38;2;0;1;0m[48;2;102;22;48m▀[0m [0m [0m [0m [0m
                                                               [0m [38;2;123;32;48m[48;2;126;31;49m▀[38;2;118;34;59m[48;2;141;39;61m▀[38;2;118;48;55m[48;2;134;36;53m▀[38;2;166;47;61m[48;2;155;42;58m▀[38;2;146;47;67m[48;2;151;35;63m▀[38;2;141;60;73m[48;2;140;28;58m▀[38;2;149;43;65m[48;2;85;27;45m▀[38;2;96;52;43m[48;2;49;19;38m▀[38;2;58;26;35m[48;2;74;6;18m▀[38;2;128;33;56m[48;2;125;52;48m▀[38;2;151;67;57m[48;2;153;85;52m▀[38;2;120;39;46m[48;2;207;138;53m▀[38;2;88;0;39m[48;2;107;30;43m▀[0m [0m [0m
                                                               [0m [38;2;85;25;40m[48;2;0;0;0m▀[38;2;130;38;64m[48;2;73;29;42m▀[38;2;82;30;51m[48;2;84;30;65m▀[38;2;82;22;40m[48;2;148;94;52m▀[38;2;123;50;46m[48;2;222;170;42m▀[38;2;150;88;49m[48;2;209;116;61m▀[38;2;76;29;50m[48;2;134;30;62m▀[38;2;46;22;36m[48;2;77;30;44m▀[38;2;67;4;42m[48;2;125;68;43m▀[38;2;173;112;46m[48;2;239;175;50m▀[38;2;162;90;52m[48;2;206;134;55m▀[38;2;244;179;55m[48;2;171;111;46m▀[38;2;195;128;52m[48;2;185;135;45m▀[38;2;41;0;31m[48;2;93;34;37m▀[0m [0m
                                                               [0m [0m [38;2;74;27;27m[48;2;0;0;0m▀[38;2;36;9;36m[48;2;0;0;0m▀[38;2;179;123;46m[48;2;199;146;44m▀[38;2;255;196;53m[48;2;230;164;50m▀[38;2;172;101;54m[48;2;150;84;49m▀[38;2;127;28;60m[48;2;132;31;56m▀[38;2;131;39;54m[48;2;131;37;61m▀[38;2;132;87;28m[48;2;24;7;28m▀[38;2;207;148;46m[48;2;0;0;0m▀[38;2;121;71;41m[48;2;0;0;0m▀[38;2;69;21;37m[48;2;55;22;22m▀[0m [38;2;66;22;27m[48;2;0;0;0m▀[0m [0m
                                                               [0m [0m [0m [38;2;0;0;0m[48;2;42;4;28m▀[38;2;203;143;42m[48;2;151;86;37m▀[38;2;169;108;43m[48;2;190;135;40m▀[38;2;130;22;58m[48;2;128;78;36m▀[38;2;120;32;58m[48;2;98;53;40m▀[38;2;70;26;43m[48;2;121;33;56m▀[38;2;124;37;60m[48;2;175;43;67m▀[38;2;86;31;52m[48;2;115;33;59m▀[38;2;33;22;11m[48;2;68;26;51m▀[38;2;0;0;0m[48;2;46;21;35m▀[0m [0m [0m [0m
                                                               [0m [0m [0m [38;2;95;19;41m[48;2;0;0;0m▀[38;2;103;31;51m[48;2;76;30;39m▀[38;2;153;95;35m[48;2;81;33;48m▀[38;2;199;126;37m[48;2;119;47;35m▀[38;2;164;101;32m[48;2;153;63;45m▀[38;2;139;39;59m[48;2;108;31;43m▀[38;2;161;40;69m[48;2;112;28;46m▀[38;2;81;32;39m[48;2;119;38;47m▀[38;2;98;37;55m[48;2;164;43;63m▀[38;2;124;33;58m[48;2;133;38;64m▀[38;2;28;11;23m[48;2;33;15;30m▀[0m [0m [0m
                                                               [0m [0m [0m [0m [38;2;77;55;21m[48;2;0;0;0m▀[38;2;105;40;44m[48;2;46;12;34m▀[38;2;101;26;54m[48;2;49;21;34m▀[38;2;106;30;55m[48;2;20;14;20m▀[38;2;133;38;61m[48;2;48;21;40m▀[38;2;136;39;62m[48;2;57;23;42m▀[38;2;137;38;65m[48;2;51;22;39m▀[38;2;110;35;62m[48;2;44;19;36m▀[38;2;69;25;46m[48;2;0;0;0m▀[0m [0m [0m [0m[0m
[9F                                                               [0m [0m [0m [0m [0m [0m [38;2;0;0;0m[48;2;120;47;41m▀[38;2;97;51;37m[48;2;101;38;57m▀[38;2;77;15;15m[48;2;39;8;22m▀[0m [38;2;226;210;228m[48;2;241;226;244m▀[38;2;228;210;228m[48;2;212;198;215m▀[0m [0m [0m [0m [0m
                                                               [0m [0m [0m [38;2;167;134;41m[48;2;108;64;35m▀[38;2;110;61;38m[48;2;125;46;53m▀[38;2;75;27;44m[48;2;144;38;65m▀[38;2;100;39;52m[48;2;144;41;58m▀[38;2;139;96;52m[48;2;144;89;44m▀[38;2;93;50;30m[48;2;87;33;52m▀[38;2;93;55;87m[48;2;57;22;40m▀[38;2;195;183;201m[48;2;0;0;0m▀[38;2;196;184;202m[48;2;0;0;0m▀[0m [0m [0m [0m [0m
                                                               [0m [38;2;28;0;28m[48;2;105;27;48m▀[38;2;105;47;39m[48;2;114;30;48m▀[38;2;129;53;53m[48;2;96;94;91m▀[38;2;153;40;67m[48;2;137;59;77m▀[38;2;146;43;62m[48;2;136;57;75m▀[38;2;142;49;68m[48;2;110;124;117m▀[38;2;121;27;54m[48;2;151;55;72m▀[38;2;120;80;42m[48;2;103;50;44m▀[38;2;69;34;38m[48;2;54;28;36m▀[38;2;102;122;51m[48;2;136;72;50m▀[38;2;0;1;0m[48;2;102;22;48m▀[0m [0m [0m [0m [0m
                                                               [0m [38;2;123;32;48m[48;2;126;31;49m▀[38;2;118;34;59m[48;2;141;39;61m▀[38;2;118;48;55m[48;2;134;36;53m▀[38;2;166;47;61m[48;2;155;42;58m▀[38;2;146;47;67m[48;2;151;35;63m▀[38;2;141;60;73m[48;2;140;28;58m▀[38;2;149;43;65m[48;2;85;27;45m▀[38;2;96;52;43m[48;2;49;19;38m▀[38;2;58;26;35m[48;2;74;6;18m▀[38;2;128;33;56m[48;2;125;52;48m▀[38;2;151;67;57m[48;2;153;85;52m▀[38;2;120;39;46m[48;2;207;138;53m▀[38;2;88;0;39m[48;2;107;30;43m▀[0m [0m [0m
                                                               [0m [38;2;85;25;40m[48;2;0;0;0m▀[38;2;130;38;64m[48;2;73;29;42m▀[38;2;82;30;51m[48;2;84;30;65m▀[38;2;82;22;40m[48;2;148;94;52m▀[38;2;123;50;46m[48;2;222;170;42m▀[38;2;150;88;49m[48;2;209;116;61m▀[38;2;76;29;50m[48;2;134;30;62m▀[38;2;46;22;36m[48;2;77;30;44m▀[38;2;67;4;42m[48;2;125;68;43m▀[38;2;173;112;46m[48;2;239;175;50m▀[38;2;162;90;52m[48;2;206;134;55m▀[38;2;244;179;55m[48;2;171;111;46m▀[38;2;195;128;52m[48;2;185;135;45m▀[38;2;41;0;31m[48;2;93;34;37m▀[0m [0m
                                                               [0m [0m [38;2;74;27;27m[48;2;0;0;0m▀[38;2;36;9;36m[48;2;0;0;0m▀[38;2;179;123;46m[48;2;199;146;44m▀[38;2;255;196;53m[48;2;230;164;50m▀[38;2;172;101;54m[48;2;150;84;49m▀[38;2;127;28;60m[48;2;132;31;56m▀[38;2;131;39;54m[48;2;131;37;61m▀[38;2;132;87;28m[48;2;24;7;28m▀[38;2;207;148;46m[48;2;0;0;0m▀[38;2;121;71;41m[48;2;0;0;0m▀[38;2;69;21;37m[48;2;55;22;22m▀[0m [38;2;66;22;27m[48;2;0;0;0m▀[0m [0m
                                                               [0m [0m [0m [38;2;0;0;0m[48;2;42;4;28m▀[38;2;203;143;42m[48;2;151;86;37m▀[38;2;169;108;43m[48;2;190;135;40m▀[38;2;130;22;58m[48;2;128;78;36m▀[38;2;120;32;58m[48;2;98;53;40m▀[38;2;70;26;43m[48;2;121;33;56m▀[38;2;124;37;60m[48;2;175;43;67m▀[38;2;86;31;52m[48;2;115;33;59m▀[38;2;33;22;11m[48;2;68;26;51m▀[38;2;0;0;0m[48;2;46;21;35m▀[0m [0m [0m [0m
                                                               [0m [0m [0m [38;2;95;19;41m[48;2;0;0;0m▀[38;2;103;31;51m[48;2;76;30;39m▀[38;2;153;95;35m[48;2;81;33;48m▀[38;2;199;126;37m[48;2;119;47;35m▀[38;2;164;101;32m[48;2;153;63;45m▀[38;2;139;39;59m[48;2;108;31;43m▀[38;2;161;40;69m[48;2;112;28;46m▀[38;2;81;32;39m[48;2;119;38;47m▀[38;2;98;37;55m[48;2;164;43;63m▀[38;2;124;33;58m[48;2;133;38;64m▀[38;2;28;11;23m[48;2;33;15;30m▀[0m [0m [0m
                                                               [0m [0m [0m [0m [38;2;77;55;21m[48;2;0;0;0m▀[38;2;105;40;44m[48;2;46;12;34m▀[38;2;101;26;54m[48;2;49;21;34m▀[38;2;106;30;55m[48;2;20;14;20m▀[38;2;133;38;61m[48;2;48;21;40m▀[38;2;136;39;62m[48;2;57;23;42m▀[38;2;137;38;65m[48;2;51;22;39m▀[38;2;110;35;62m[48;2;44;19;36m▀[38;2;69;25;46m[48;2;0;0;0m▀[0m [0m [0m [0m[0m
[9F                                                               [0m [0m [0m [0m [0m [0m [38;2;0;0;0m[48;2;120;47;41m▀[38;2;97;51;37m[48;2;101;38;57m▀[38;2;77;15;15m[48;2;39;8;22m▀[0m [38;2;226;210;228m[48;2;241;226;244m▀[38;2;228;210;228m[48;2;212;198;215m▀[0m [0m [0m [0m [0m
                                                               [0m [0m [0m [38;2;167;134;41m[48;2;108;64;35m▀[38;2;110;61;38m[48;2;125;46;53m▀[38;2;75;27;44m[48;2;144;38;65m▀[38;2;100;39;52m[48;2;144;41;58m▀[38;2;139;96;52m[48;2;144;89;44m▀[38;2;93;50;30m[48;2;87;33;52m▀[38;2;93;55;87m[48;2;57;22;40m▀[38;2;195;183;201m[48;2;0;0;0m▀[38;2;196;184;202m[48;2;0;0;0m▀[0m [0m [0m [0m [0m
                                                               [0m [38;2;28;0;28m[48;2;105;27;48m▀[38;2;105;47;39m[48;2;114;30;48m▀[38;2;129;53;53m[48;2;96;94;91m▀[38;2;153;40;67m[48;2;137;59;77m▀[38;2;146;43;62m[48;2;136;57;75m▀[38;2;142;49;68m[48;2;110;124;117m▀[38;2;121;27;54m[48;2;151;55;72m▀[38;2;120;80;42m[48;2;103;50;44m▀[38;2;69;34;38m[48;2;54;28;36m▀[38;2;102;122;51m[48;2;136;72;50m▀[38;2;0;1;0m[48;2;102;22;48m▀[0m [0m [0m [0m [0m
                                                               [0m [38;2;123;32;48m[48;2;126;31;49m▀[38;2;118;34;59m[48;2;141;39;61m▀[38;2;118;48;55m[48;2;134;36;53m▀[38;2;166;47;61m[48;2;155;42;58m▀[38;2;146;47;67m[48;2;151;35;63m▀[38;2;141;60;73m[48;2;140;28;58m▀[38;2;149;43;65m[48;2;85;27;45m▀[38;2;96;52;43m[48;2;49;19;38m▀[38;2;58;26;35m[48;2;74;6;18m▀[38;2;128;33;56m[48;2;125;52;48m▀[38;2;151;67;57m[48;2;153;85;52m▀[38;2;120;39;46m[48;2;207;138;53m▀[38;2;88;0;39m[48;2;107;30;43m▀[0m [0m [0m
                                                               [0m [38;2;85;25;40m[48;2;0;0;0m▀[38;2;130;38;64m[48;2;73;29;42m▀[38;2;82;30;51m[48;2;84;30;65m▀[38;2;82;22;40m[48;2;148;94;52m▀[38;2;123;50;46m[48;2;222;170;42m▀[38;2;150;88;49m[48;2;209;116;61m▀[38;2;76;29;50m[48;2;134;30;62m▀[38;2;46;22;36m[48;2;77;30;44m▀[38;2;67;4;42m[48;2;125;68;43m▀[38;2;173;112;46m[48;2;239;175;50m▀[38;2;162;90;52m[48;2;206;134;55m▀[38;2;244;179;55m[48;2;171;111;46m▀[38;2;195;128;52m[48;2;185;135;45m▀[38;2;41;0;31m[48;2;93;34;37m▀[0m [0m
                                                               [0m [0m [38;2;74;27;27m[48;2;0;0;0m▀[38;2;36;9;36m[48;2;0;0;0m▀[38;2;179;123;46m[48;2;199;146;44m▀[38;2;255;196;53m[48;2;230;164;50m▀[38;2;172;101;54m[48;2;150;84;49m▀[38;2;127;28;60m[48;2;132;31;56m▀[38;2;131;39;54m[48;2;131;37;61m▀[38;2;132;87;28m[48;2;24;7;28m▀[38;2;207;148;46m[48;2;0;0;0m▀[38;2;121;71;41m[48;2;0;0;0m▀[38;2;69;21;37m[48;2;55;22;22m▀[0m [38;2;66;22;27m[48;2;0;0;0m▀[0m [0m
                                                               [0m [0m [0m [38;2;0;0;0m[48;2;42;4;28m▀[38;2;203;143;42m[48;2;151;86;37m▀[38;2;169;108;43m[48;2;190;135;40m▀[38;2;130;22;58m[48;2;128;78;36m▀[38;2;120;32;58m[48;2;98;53;40m▀[38;2;70;26;43m[48;2;121;33;56m▀[38;2;124;37;60m[48;2;175;43;67m▀[38;2;86;31;52m[48;2;115;33;59m▀[38;2;33;22;11m[48;2;68;26;51m▀[38;2;0;0;0m[48;2;46;21;35m▀[0m [0m [0m [0m
                                                               [0m [0m [0m [38;2;95;19;41m[48;2;0;0;0m▀[38;2;103;31;51m[48;2;76;30;39m▀[38;2;153;95;35m[48;2;81;33;48m▀[38;2;199;126;37m[48;2;119;47;35m▀[38;2;164;101;32m[48;2;153;63;45m▀[38;2;139;39;59m[48;2;108;31;43m▀[38;2;161;40;69m[48;2;112;28;46m▀[38;2;81;32;39m[48;2;119;38;47m▀[38;2;98;37;55m[48;2;164;43;63m▀[38;2;124;33;58m[48;2;133;38;64m▀[38;2;28;11;23m[48;2;33;15;30m▀[0m [0m [0m
                                                               [0m [0m [0m [0m [38;2;77;55;21m[48;2;0;0;0m▀[38;2;105;40;44m[48;2;46;12;34m▀[38;2;101;26;54m[48;2;49;21;34m▀[38;2;106;30;55m[48;2;20;14;20m▀[38;2;133;38;61m[48;2;48;21;40m▀[38;2;136;39;62m[48;2;57;23;42m▀[38;2;137;38;65m[48;2;51;22;39m▀[38;2;110;35;62m[48;2;44;19;36m▀[38;2;69;25;46m[48;2;0;0;0m▀[0m [0m [0m [0m[0m
[9F                                                               [0m [0m [0m [0m [0m [0m [38;2;0;0;0m[48;2;120;47;41m▀[38;2;97;51;37m[48;2;101;38;57m▀[38;2;77;15;15m[48;2;39;8;22m▀[0m [38;2;226;210;228m[48;2;241;226;244m▀[38;2;228;210;228m[48;2;212;198;215m▀[0m [0m [0m [0m [0m
                                                               [0m [0m [0m [38;2;167;134;41m[48;2;108;64;35m▀[38;2;110;61;38m[48;2;125;46;53m▀[38;2;75;27;44m[48;2;144;38;65m▀[38;2;100;39;52m[48;2;144;41;58m▀[38;2;139;96;52m[48;2;144;89;44m▀[38;2;93;50;30m[48;2;87;33;52m▀[38;2;93;55;87m[48;2;57;22;40m▀[38;2;195;183;201m[48;2;0;0;0m▀[38;2;196;184;202m[48;2;0;0;0m▀[0m [0m [0m [0m [0m
                                                               [0m [38;2;28;0;28m[48;2;105;27;48m▀[38;2;105;47;39m[48;2;114;30;48m▀[38;2;129;53;53m[48;2;96;94;91m▀[38;2;153;40;67m[48;2;137;59;77m▀[38;2;146;43;62m[48;2;136;57;75m▀[38;2;142;49;68m[48;2;110;124;117m▀[38;2;121;27;54m[48;2;151;55;72m▀[38;2;120;80;42m[48;2;103;50;44m▀[38;2;69;34;38m[48;2;54;28;36m▀[38;2;102;122;51m[48;2;136;72;50m▀[38;2;0;1;0m[48;2;102;22;48m▀[0m [0m [0m [0m [0m
                                                               [0m [38;2;123;32;48m[48;2;126;31;49m▀[38;2;118;34;59m[48;2;141;39;61m▀[38;2;118;48;55m[48;2;134;36;53m▀[38;2;166;47;61m[48;2;155;42;58m▀[38;2;146;47;67m[48;2;151;35;63m▀[38;2;141;60;73m[48;2;140;28;58m▀[38;2;149;43;65m[48;2;85;27;45m▀[38;2;96;52;43m[48;2;49;19;38m▀[38;2;58;26;35m[48;2;74;6;18m▀[38;2;128;33;56m[48;2;125;52;48m▀[38;2;151;67;57m[48;2;153;85;52m▀[38;2;120;39;46m[48;2;207;138;53m▀[38;2;88;0;39m[48;2;107;30;43m▀[0m [0m [0m
                                                               [0m [38;2;85;25;40m[48;2;0;0;0m▀[38;2;130;38;64m[48;2;73;29;42m▀[38;2;82;30;51m[48;2;84;30;65m▀[38;2;82;22;40m[48;2;148;94;52m▀[38;2;123;50;46m[48;2;222;170;42m▀[38;2;150;88;49m[48;2;209;116;61m▀[38;2;76;29;50m[48;2;134;30;62m▀[38;2;46;22;36m[48;2;77;30;44m▀[38;2;67;4;42m[48;2;125;68;43m▀[38;2;173;112;46m[48;2;239;175;50m▀[38;2;162;90;52m[48;2;206;134;55m▀[38;2;244;179;55m[48;2;171;111;46m▀[38;2;195;128;52m[48;2;185;135;45m▀[38;2;41;0;31m[48;2;93;34;37m▀[0m [0m
                                                               [0m [0m [38;2;74;27;27m[48;2;0;0;0m▀[38;2;36;9;36m[48;2;0;0;0m▀[38;2;179;123;46m[48;2;199;146;44m▀[38;2;255;196;53m[48;2;230;164;50m▀[38;2;172;101;54m[48;2;150;84;49m▀[38;2;127;28;60m[48;2;132;31;56m▀[38;2;131;39;54m[48;2;131;37;61m▀[38;2;132;87;28m[48;2;24;7;28m▀[38;2;207;148;46m[48;2;0;0;0m▀[38;2;121;71;41m[48;2;0;0;0m▀[38;2;69;21;37m[48;2;55;22;22m▀[0m [38;2;66;22;27m[48;2;0;0;0m▀[0m [0m
                                                               [0m [0m [0m [38;2;0;0;0m[48;2;42;4;28m▀[38;2;203;143;42m[48;2;151;86;37m▀[38;2;169;108;43m[48;2;190;135;40m▀[38;2;130;22;58m[48;2;128;78;36m▀[38;2;120;32;58m[48;2;98;53;40m▀[38;2;70;26;43m[48;2;121;33;56m▀[38;2;124;37;60m[48;2;175;43;67m▀[38;2;86;31;52m[48;2;115;33;59m▀[38;2;33;22;11m[48;2;68;26;51m▀[38;2;0;0;0m[48;2;46;21;35m▀[0m [0m [0m [0m
                                                               [0m [0m [0m [38;2;95;19;41m[48;2;0;0;0m▀[38;2;103;31;51m[48;2;76;30;39m▀[38;2;153;95;35m[48;2;81;33;48m▀[38;2;199;126;37m[48;2;119;47;35m▀[38;2;164;101;32m[48;2;153;63;45m▀[38;2;139;39;59m[48;2;108;31;43m▀[38;2;161;40;69m[48;2;112;28;46m▀[38;2;81;32;39m[48;2;119;38;47m▀[38;2;98;37;55m[48;2;164;43;63m▀[38;2;124;33;58m[48;2;133;38;64m▀[38;2;28;11;23m[48;2;33;15;30m▀[0m [0m [0m
                                                               [0m [0m [0m [0m [38;2;77;55;21m[48;2;0;0;0m▀[38;2;105;40;44m[48;2;46;12;34m▀[38;2;101;26;54m[48;2;49;21;34m▀[38;2;106;30;55m[48;2;20;14;20m▀[38;2;133;38;61m[48;2;48;21;40m▀[38;2;136;39;62m[48;2;57;23;42m▀[38;2;137;38;65m[48;2;51;22;39m▀[38;2;110;35;62m[48;2;44;19;36m▀[38;2;69;25;46m[48;2;0;0;0m▀[0m [0m [0m [0m[0m
[9F                                                               [0m [0m [0m [0m [0m [0m [38;2;0;0;0m[48;2;120;47;41m▀[38;2;97;51;37m[48;2;101;38;57m▀[38;2;77;15;15m[48;2;39;8;22m▀[0m [38;2;226;210;228m[48;2;241;226;244m▀[38;2;228;210;228m[48;2;212;198;215m▀[0m [0m [0m [0m [0m
                                                               [0m [0m [0m [38;2;167;134;41m[48;2;108;64;35m▀[38;2;110;61;38m[48;2;125;46;53m▀[38;2;75;27;44m[48;2;144;38;65m▀[38;2;100;39;52m[48;2;144;41;58m▀[38;2;139;96;52m[48;2;144;89;44m▀[38;2;93;50;30m[48;2;87;33;52m▀[38;2;93;55;87m[48;2;57;22;40m▀[38;2;195;183;201m[48;2;0;0;0m▀[38;2;196;184;202m[48;2;0;0;0m▀[0m [0m [0m [0m [0m
                                                               [0m [38;2;28;0;28m[48;2;105;27;48m▀[38;2;105;47;39m[48;2;114;30;48m▀[38;2;129;53;53m[48;2;96;94;91m▀[38;2;153;40;67m[48;2;137;59;77m▀[38;2;146;43;62m[48;2;136;57;75m▀[38;2;142;49;68m[48;2;110;124;117m▀[38;2;121;27;54m[48;2;151;55;72m▀[38;2;120;80;42m[48;2;103;50;44m▀[38;2;69;34;38m[48;2;54;28;36m▀[38;2;102;122;51m[48;2;136;72;50m▀[38;2;0;1;0m[48;2;102;22;48m▀[0m [0m [0m [0m [0m
                                                               [0m [38;2;123;32;48m[48;2;126;31;49m▀[38;2;118;34;59m[48;2;141;39;61m▀[38;2;118;48;55m[48;2;134;36;53m▀[38;2;166;47;61m[48;2;155;42;58m▀[38;2;146;47;67m[48;2;151;35;63m▀[38;2;141;60;73m[48;2;140;28;58m▀[38;2;149;43;65m[48;2;85;27;45m▀[38;2;96;52;43m[48;2;49;19;38m▀[38;2;58;26;35m[48;2;74;6;18m▀[38;2;128;33;56m[48;2;125;52;48m▀[38;2;151;67;57m[48;2;153;85;52m▀[38;2;120;39;46m[48;2;207;138;53m▀[38;2;88;0;39m[48;2;107;30;43m▀[0m [0m [0m
                                                               [0m [38;2;85;25;40m[48;2;0;0;0m▀[38;2;130;38;64m[48;2;73;29;42m▀[38;2;82;30;51m[48;2;84;30;65m▀[38;2;82;22;40m[48;2;148;94;52m▀[38;2;123;50;46m[48;2;222;170;42m▀[38;2;150;88;49m[48;2;209;116;61m▀[38;2;76;29;50m[48;2;134;30;62m▀[38;2;46;22;36m[48;2;77;30;44m▀[38;2;67;4;42m[48;2;125;68;43m▀[38;2;173;112;46m[48;2;239;175;50m▀[38;2;162;90;52m[48;2;206;134;55m▀[38;2;244;179;55m[48;2;171;111;46m▀[38;2;195;128;52m[48;2;185;135;45m▀[38;2;41;0;31m[48;2;93;34;37m▀[0m [0m
                                                               [0m [0m [38;2;74;27;27m[48;2;0;0;0m▀[38;2;36;9;36m[48;2;0;0;0m▀[38;2;179;123;46m[48;2;199;146;44m▀[38;2;255;196;53m[48;2;230;164;50m▀[38;2;172;101;54m[48;2;150;84;49m▀[38;2;127;28;60m[48;2;132;31;56m▀[38;2;131;39;54m[48;2;131;37;61m▀[38;2;132;87;28m[48;2;24;7;28m▀[38;2;207;148;46m[48;2;0;0;0m▀[38;2;121;71;41m[48;2;0;0;0m▀[38;2;69;21;37m[48;2;55;22;22m▀[0m [38;2;66;22;27m[48;2;0;0;0m▀[0m [0m
                                                               [0m [0m [0m [38;2;0;0;0m[48;2;42;4;28m▀[38;2;203;143;42m[48;2;151;86;37m▀[38;2;169;108;43m[48;2;190;135;40m▀[38;2;130;22;58m[48;2;128;78;36m▀[38;2;120;32;58m[48;2;98;53;40m▀[38;2;70;26;43m[48;2;121;33;56m▀[38;2;124;37;60m[48;2;175;43;67m▀[38;2;86;31;52m[48;2;115;33;59m▀[38;2;33;22;11m[48;2;68;26;51m▀[38;2;0;0;0m[48;2;46;21;35m▀[0m [0m [0m [0m
                                                               [0m [0m [0m [38;2;95;19;41m[48;2;0;0;0m▀[38;2;103;31;51m[48;2;76;30;39m▀[38;2;153;95;35m[48;2;81;33;48m▀[38;2;199;126;37m[48;2;119;47;35m▀[38;2;164;101;32m[48;2;153;63;45m▀[38;2;139;39;59m[48;2;108;31;43m▀[38;2;161;40;69m[48;2;112;28;46m▀[38;2;81;32;39m[48;2;119;38;47m▀[38;2;98;37;55m[48;2;164;43;63m▀[38;2;124;33;58m[48;2;133;38;64m▀[38;2;28;11;23m[48;2;33;15;30m▀[0m [0m [0m
                                                               [0m [0m [0m [0m [38;2;77;55;21m[48;2;0;0;0m▀[38;2;105;40;44m[48;2;46;12;34m▀[38;2;101;26;54m[48;2;49;21;34m▀[38;2;106;30;55m[48;2;20;14;20m▀[38;2;133;38;61m[48;2;48;21;40m▀[38;2;136;39;62m[48;2;57;23;42m▀[38;2;137;38;65m[48;2;51;22;39m▀[38;2;110;35;62m[48;2;44;19;36m▀[38;2;69;25;46m[48;2;0;0;0m▀[0m [0m [0m [0m[0m
[?25h[0m

Script terminado en 2026-08-17 20:50:13+01:00 [CÓDIGO_SALIDA_ORDEN="0"]
