Script iniciado en 2026-08-17 20:50:10+01:00 [COMMAND="HERMES_HOME=/home/chegusan/.hermes-jorgito-test hermes pets show jorgito --state jumping --once --mode unicode" <no ejecutado en terminal>]
[?25lJorgito — mode=unicode  (Ctrl+C to stop)
                                                               [0m [0m [0m [0m [38;2;0;0;0m[48;2;138;93;36m▀[38;2;0;0;0m[48;2;78;39;37m▀[38;2;0;0;0m[48;2;72;36;38m▀[38;2;85;41;30m[48;2;116;52;58m▀[38;2;88;41;46m[48;2;94;52;50m▀[38;2;45;22;34m[48;2;0;0;0m▀[0m [0m [0m [0m [0m [0m [0m
                                                               [0m [38;2;63;63;0m[48;2;75;26;31m▀[38;2;61;35;26m[48;2;90;31;38m▀[38;2;74;74;21m[48;2;73;28;40m▀[38;2;114;67;38m[48;2;136;38;65m▀[38;2;122;47;62m[48;2;145;38;65m▀[38;2;133;34;66m[48;2;133;43;66m▀[38;2;147;83;54m[48;2;145;47;60m▀[38;2;149;108;37m[48;2;103;49;51m▀[38;2;62;18;44m[48;2;80;43;49m▀[38;2;61;26;35m[48;2;62;22;29m▀[38;2;52;17;23m[48;2;78;28;39m▀[38;2;0;0;0m[48;2;74;20;32m▀[0m [0m [0m [0m
                                                               [0m [38;2;74;26;42m[48;2;5;17;28m▀[38;2;109;34;50m[48;2;110;32;56m▀[38;2;73;25;39m[48;2;119;33;48m▀[38;2;122;38;57m[48;2;152;45;57m▀[38;2;136;38;61m[48;2;139;37;60m▀[38;2;86;34;50m[48;2;141;38;54m▀[38;2;120;29;60m[48;2;156;39;62m▀[38;2;138;67;52m[48;2;107;50;49m▀[38;2;87;58;37m[48;2;94;32;45m▀[38;2;95;30;50m[48;2;135;35;64m▀[38;2;79;33;53m[48;2;88;40;48m▀[38;2;57;17;32m[48;2;115;27;45m▀[0m [0m [0m [0m
                                                               [0m [38;2;89;25;12m[48;2;104;29;42m▀[38;2;65;22;41m[48;2;119;64;49m▀[38;2;104;31;50m[48;2;63;27;50m▀[38;2;123;34;52m[48;2;93;28;45m▀[38;2;102;33;47m[48;2;106;29;47m▀[38;2;139;36;62m[48;2;107;38;47m▀[38;2;129;33;60m[48;2;72;30;44m▀[38;2;79;37;35m[48;2;132;32;57m▀[38;2;154;43;62m[48;2;115;32;63m▀[38;2;103;28;57m[48;2;107;65;36m▀[38;2;122;67;42m[48;2;137;63;53m▀[38;2;159;84;52m[48;2;228;169;51m▀[38;2;102;22;48m[48;2;163;93;52m▀[38;2;85;0;0m[48;2;38;0;30m▀[0m [0m
                                                               [38;2;0;0;0m[48;2;39;11;28m▀[38;2;135;69;47m[48;2;131;79;42m▀[38;2;197;125;57m[48;2;170;105;49m▀[38;2;87;41;48m[48;2;174;114;44m▀[38;2;83;46;38m[48;2;171;121;37m▀[38;2;163;105;32m[48;2;255;194;48m▀[38;2;163;103;43m[48;2;194;103;54m▀[38;2;141;35;61m[48;2;142;26;67m▀[38;2;139;38;65m[48;2;79;38;43m▀[38;2;37;9;40m[48;2;124;77;31m▀[38;2;178;126;37m[48;2;244;178;51m▀[38;2;165;98;49m[48;2;216;148;54m▀[38;2;201;136;52m[48;2;158;97;53m▀[38;2;255;195;56m[48;2;200;171;43m▀[38;2;103;44;40m[48;2;117;61;40m▀[38;2;0;0;0m[48;2;46;11;23m▀[0m
                                                               [0m [38;2;0;0;7m[48;2;2;2;0m▀[38;2;28;8;22m[48;2;0;0;0m▀[38;2;121;81;32m[48;2;101;83;17m▀[38;2;222;160;47m[48;2;229;167;47m▀[38;2;235;176;45m[48;2;235;172;47m▀[38;2;188;101;52m[48;2;224;154;52m▀[38;2;143;26;66m[48;2;156;42;62m▀[38;2;81;35;38m[48;2;135;34;62m▀[38;2;158;102;33m[48;2;29;9;25m▀[38;2;184;131;41m[48;2;0;0;0m▀[38;2;125;90;38m[48;2;81;5;35m▀[38;2;78;31;38m[48;2;132;35;60m▀[38;2;58;0;33m[48;2;88;29;46m▀[38;2;18;0;12m[48;2;0;0;0m▀[0m [0m
                                                               [0m [0m [0m [38;2;67;35;33m[48;2;99;22;48m▀[38;2;219;158;47m[48;2;128;71;38m▀[38;2;241;178;49m[48;2;191;119;36m▀[38;2;207;145;40m[48;2;171;105;33m▀[38;2;137;56;48m[48;2;128;40;47m▀[38;2;157;36;67m[48;2;161;38;67m▀[38;2;104;34;53m[48;2;124;34;56m▀[38;2;88;27;49m[48;2;91;45;56m▀[38;2;148;37;67m[48;2;120;63;51m▀[38;2;110;38;58m[48;2;64;41;23m▀[38;2;0;11;17m[48;2;0;0;0m▀[0m [0m [0m
                                                               [0m [0m [0m [38;2;113;28;49m[48;2;20;10;10m▀[38;2;102;35;62m[48;2;55;24;37m▀[38;2;93;53;36m[48;2;66;25;53m▀[38;2;149;94;30m[48;2;48;22;32m▀[38;2;112;45;44m[48;2;42;22;22m▀[38;2;155;38;69m[48;2;70;29;49m▀[38;2;98;34;55m[48;2;88;32;54m▀[38;2;95;60;30m[48;2;80;14;39m▀[38;2;117;71;20m[48;2;0;0;0m▀[0m [0m [0m [0m [0m
                                                               [0m [0m [0m [0m [0m [38;2;118;49;53m[48;2;72;51;20m▀[38;2;82;36;42m[48;2;66;38;16m▀[0m [38;2;20;10;17m[48;2;63;18;27m▀[38;2;141;45;66m[48;2;91;51;42m▀[38;2;110;35;44m[48;2;58;35;22m▀[0m [0m [0m [0m [0m [0m[0m
[9F                                                               [0m [0m [0m [0m [38;2;0;0;0m[48;2;138;93;36m▀[38;2;0;0;0m[48;2;78;39;37m▀[38;2;0;0;0m[48;2;72;36;38m▀[38;2;85;41;30m[48;2;116;52;58m▀[38;2;88;41;46m[48;2;94;52;50m▀[38;2;45;22;34m[48;2;0;0;0m▀[0m [0m [0m [0m [0m [0m [0m
                                                               [0m [38;2;63;63;0m[48;2;75;26;31m▀[38;2;61;35;26m[48;2;90;31;38m▀[38;2;74;74;21m[48;2;73;28;40m▀[38;2;114;67;38m[48;2;136;38;65m▀[38;2;122;47;62m[48;2;145;38;65m▀[38;2;133;34;66m[48;2;133;43;66m▀[38;2;147;83;54m[48;2;145;47;60m▀[38;2;149;108;37m[48;2;103;49;51m▀[38;2;62;18;44m[48;2;80;43;49m▀[38;2;61;26;35m[48;2;62;22;29m▀[38;2;52;17;23m[48;2;78;28;39m▀[38;2;0;0;0m[48;2;74;20;32m▀[0m [0m [0m [0m
                                                               [0m [38;2;74;26;42m[48;2;5;17;28m▀[38;2;109;34;50m[48;2;110;32;56m▀[38;2;73;25;39m[48;2;119;33;48m▀[38;2;122;38;57m[48;2;152;45;57m▀[38;2;136;38;61m[48;2;139;37;60m▀[38;2;86;34;50m[48;2;141;38;54m▀[38;2;120;29;60m[48;2;156;39;62m▀[38;2;138;67;52m[48;2;107;50;49m▀[38;2;87;58;37m[48;2;94;32;45m▀[38;2;95;30;50m[48;2;135;35;64m▀[38;2;79;33;53m[48;2;88;40;48m▀[38;2;57;17;32m[48;2;115;27;45m▀[0m [0m [0m [0m
                                                               [0m [38;2;89;25;12m[48;2;104;29;42m▀[38;2;65;22;41m[48;2;119;64;49m▀[38;2;104;31;50m[48;2;63;27;50m▀[38;2;123;34;52m[48;2;93;28;45m▀[38;2;102;33;47m[48;2;106;29;47m▀[38;2;139;36;62m[48;2;107;38;47m▀[38;2;129;33;60m[48;2;72;30;44m▀[38;2;79;37;35m[48;2;132;32;57m▀[38;2;154;43;62m[48;2;115;32;63m▀[38;2;103;28;57m[48;2;107;65;36m▀[38;2;122;67;42m[48;2;137;63;53m▀[38;2;159;84;52m[48;2;228;169;51m▀[38;2;102;22;48m[48;2;163;93;52m▀[38;2;85;0;0m[48;2;38;0;30m▀[0m [0m
                                                               [38;2;0;0;0m[48;2;39;11;28m▀[38;2;135;69;47m[48;2;131;79;42m▀[38;2;197;125;57m[48;2;170;105;49m▀[38;2;87;41;48m[48;2;174;114;44m▀[38;2;83;46;38m[48;2;171;121;37m▀[38;2;163;105;32m[48;2;255;194;48m▀[38;2;163;103;43m[48;2;194;103;54m▀[38;2;141;35;61m[48;2;142;26;67m▀[38;2;139;38;65m[48;2;79;38;43m▀[38;2;37;9;40m[48;2;124;77;31m▀[38;2;178;126;37m[48;2;244;178;51m▀[38;2;165;98;49m[48;2;216;148;54m▀[38;2;201;136;52m[48;2;158;97;53m▀[38;2;255;195;56m[48;2;200;171;43m▀[38;2;103;44;40m[48;2;117;61;40m▀[38;2;0;0;0m[48;2;46;11;23m▀[0m
                                                               [0m [38;2;0;0;7m[48;2;2;2;0m▀[38;2;28;8;22m[48;2;0;0;0m▀[38;2;121;81;32m[48;2;101;83;17m▀[38;2;222;160;47m[48;2;229;167;47m▀[38;2;235;176;45m[48;2;235;172;47m▀[38;2;188;101;52m[48;2;224;154;52m▀[38;2;143;26;66m[48;2;156;42;62m▀[38;2;81;35;38m[48;2;135;34;62m▀[38;2;158;102;33m[48;2;29;9;25m▀[38;2;184;131;41m[48;2;0;0;0m▀[38;2;125;90;38m[48;2;81;5;35m▀[38;2;78;31;38m[48;2;132;35;60m▀[38;2;58;0;33m[48;2;88;29;46m▀[38;2;18;0;12m[48;2;0;0;0m▀[0m [0m
                                                               [0m [0m [0m [38;2;67;35;33m[48;2;99;22;48m▀[38;2;219;158;47m[48;2;128;71;38m▀[38;2;241;178;49m[48;2;191;119;36m▀[38;2;207;145;40m[48;2;171;105;33m▀[38;2;137;56;48m[48;2;128;40;47m▀[38;2;157;36;67m[48;2;161;38;67m▀[38;2;104;34;53m[48;2;124;34;56m▀[38;2;88;27;49m[48;2;91;45;56m▀[38;2;148;37;67m[48;2;120;63;51m▀[38;2;110;38;58m[48;2;64;41;23m▀[38;2;0;11;17m[48;2;0;0;0m▀[0m [0m [0m
                                                               [0m [0m [0m [38;2;113;28;49m[48;2;20;10;10m▀[38;2;102;35;62m[48;2;55;24;37m▀[38;2;93;53;36m[48;2;66;25;53m▀[38;2;149;94;30m[48;2;48;22;32m▀[38;2;112;45;44m[48;2;42;22;22m▀[38;2;155;38;69m[48;2;70;29;49m▀[38;2;98;34;55m[48;2;88;32;54m▀[38;2;95;60;30m[48;2;80;14;39m▀[38;2;117;71;20m[48;2;0;0;0m▀[0m [0m [0m [0m [0m
                                                               [0m [0m [0m [0m [0m [38;2;118;49;53m[48;2;72;51;20m▀[38;2;82;36;42m[48;2;66;38;16m▀[0m [38;2;20;10;17m[48;2;63;18;27m▀[38;2;141;45;66m[48;2;91;51;42m▀[38;2;110;35;44m[48;2;58;35;22m▀[0m [0m [0m [0m [0m [0m[0m
[9F                                                               [0m [0m [0m [0m [38;2;0;0;0m[48;2;138;93;36m▀[38;2;0;0;0m[48;2;78;39;37m▀[38;2;0;0;0m[48;2;72;36;38m▀[38;2;85;41;30m[48;2;116;52;58m▀[38;2;88;41;46m[48;2;94;52;50m▀[38;2;45;22;34m[48;2;0;0;0m▀[0m [0m [0m [0m [0m [0m [0m
                                                               [0m [38;2;63;63;0m[48;2;75;26;31m▀[38;2;61;35;26m[48;2;90;31;38m▀[38;2;74;74;21m[48;2;73;28;40m▀[38;2;114;67;38m[48;2;136;38;65m▀[38;2;122;47;62m[48;2;145;38;65m▀[38;2;133;34;66m[48;2;133;43;66m▀[38;2;147;83;54m[48;2;145;47;60m▀[38;2;149;108;37m[48;2;103;49;51m▀[38;2;62;18;44m[48;2;80;43;49m▀[38;2;61;26;35m[48;2;62;22;29m▀[38;2;52;17;23m[48;2;78;28;39m▀[38;2;0;0;0m[48;2;74;20;32m▀[0m [0m [0m [0m
                                                               [0m [38;2;74;26;42m[48;2;5;17;28m▀[38;2;109;34;50m[48;2;110;32;56m▀[38;2;73;25;39m[48;2;119;33;48m▀[38;2;122;38;57m[48;2;152;45;57m▀[38;2;136;38;61m[48;2;139;37;60m▀[38;2;86;34;50m[48;2;141;38;54m▀[38;2;120;29;60m[48;2;156;39;62m▀[38;2;138;67;52m[48;2;107;50;49m▀[38;2;87;58;37m[48;2;94;32;45m▀[38;2;95;30;50m[48;2;135;35;64m▀[38;2;79;33;53m[48;2;88;40;48m▀[38;2;57;17;32m[48;2;115;27;45m▀[0m [0m [0m [0m
                                                               [0m [38;2;89;25;12m[48;2;104;29;42m▀[38;2;65;22;41m[48;2;119;64;49m▀[38;2;104;31;50m[48;2;63;27;50m▀[38;2;123;34;52m[48;2;93;28;45m▀[38;2;102;33;47m[48;2;106;29;47m▀[38;2;139;36;62m[48;2;107;38;47m▀[38;2;129;33;60m[48;2;72;30;44m▀[38;2;79;37;35m[48;2;132;32;57m▀[38;2;154;43;62m[48;2;115;32;63m▀[38;2;103;28;57m[48;2;107;65;36m▀[38;2;122;67;42m[48;2;137;63;53m▀[38;2;159;84;52m[48;2;228;169;51m▀[38;2;102;22;48m[48;2;163;93;52m▀[38;2;85;0;0m[48;2;38;0;30m▀[0m [0m
                                                               [38;2;0;0;0m[48;2;39;11;28m▀[38;2;135;69;47m[48;2;131;79;42m▀[38;2;197;125;57m[48;2;170;105;49m▀[38;2;87;41;48m[48;2;174;114;44m▀[38;2;83;46;38m[48;2;171;121;37m▀[38;2;163;105;32m[48;2;255;194;48m▀[38;2;163;103;43m[48;2;194;103;54m▀[38;2;141;35;61m[48;2;142;26;67m▀[38;2;139;38;65m[48;2;79;38;43m▀[38;2;37;9;40m[48;2;124;77;31m▀[38;2;178;126;37m[48;2;244;178;51m▀[38;2;165;98;49m[48;2;216;148;54m▀[38;2;201;136;52m[48;2;158;97;53m▀[38;2;255;195;56m[48;2;200;171;43m▀[38;2;103;44;40m[48;2;117;61;40m▀[38;2;0;0;0m[48;2;46;11;23m▀[0m
                                                               [0m [38;2;0;0;7m[48;2;2;2;0m▀[38;2;28;8;22m[48;2;0;0;0m▀[38;2;121;81;32m[48;2;101;83;17m▀[38;2;222;160;47m[48;2;229;167;47m▀[38;2;235;176;45m[48;2;235;172;47m▀[38;2;188;101;52m[48;2;224;154;52m▀[38;2;143;26;66m[48;2;156;42;62m▀[38;2;81;35;38m[48;2;135;34;62m▀[38;2;158;102;33m[48;2;29;9;25m▀[38;2;184;131;41m[48;2;0;0;0m▀[38;2;125;90;38m[48;2;81;5;35m▀[38;2;78;31;38m[48;2;132;35;60m▀[38;2;58;0;33m[48;2;88;29;46m▀[38;2;18;0;12m[48;2;0;0;0m▀[0m [0m
                                                               [0m [0m [0m [38;2;67;35;33m[48;2;99;22;48m▀[38;2;219;158;47m[48;2;128;71;38m▀[38;2;241;178;49m[48;2;191;119;36m▀[38;2;207;145;40m[48;2;171;105;33m▀[38;2;137;56;48m[48;2;128;40;47m▀[38;2;157;36;67m[48;2;161;38;67m▀[38;2;104;34;53m[48;2;124;34;56m▀[38;2;88;27;49m[48;2;91;45;56m▀[38;2;148;37;67m[48;2;120;63;51m▀[38;2;110;38;58m[48;2;64;41;23m▀[38;2;0;11;17m[48;2;0;0;0m▀[0m [0m [0m
                                                               [0m [0m [0m [38;2;113;28;49m[48;2;20;10;10m▀[38;2;102;35;62m[48;2;55;24;37m▀[38;2;93;53;36m[48;2;66;25;53m▀[38;2;149;94;30m[48;2;48;22;32m▀[38;2;112;45;44m[48;2;42;22;22m▀[38;2;155;38;69m[48;2;70;29;49m▀[38;2;98;34;55m[48;2;88;32;54m▀[38;2;95;60;30m[48;2;80;14;39m▀[38;2;117;71;20m[48;2;0;0;0m▀[0m [0m [0m [0m [0m
                                                               [0m [0m [0m [0m [0m [38;2;118;49;53m[48;2;72;51;20m▀[38;2;82;36;42m[48;2;66;38;16m▀[0m [38;2;20;10;17m[48;2;63;18;27m▀[38;2;141;45;66m[48;2;91;51;42m▀[38;2;110;35;44m[48;2;58;35;22m▀[0m [0m [0m [0m [0m [0m[0m
[9F                                                               [0m [0m [0m [0m [38;2;0;0;0m[48;2;138;93;36m▀[38;2;0;0;0m[48;2;78;39;37m▀[38;2;0;0;0m[48;2;72;36;38m▀[38;2;85;41;30m[48;2;116;52;58m▀[38;2;88;41;46m[48;2;94;52;50m▀[38;2;45;22;34m[48;2;0;0;0m▀[0m [0m [0m [0m [0m [0m [0m
                                                               [0m [38;2;63;63;0m[48;2;75;26;31m▀[38;2;61;35;26m[48;2;90;31;38m▀[38;2;74;74;21m[48;2;73;28;40m▀[38;2;114;67;38m[48;2;136;38;65m▀[38;2;122;47;62m[48;2;145;38;65m▀[38;2;133;34;66m[48;2;133;43;66m▀[38;2;147;83;54m[48;2;145;47;60m▀[38;2;149;108;37m[48;2;103;49;51m▀[38;2;62;18;44m[48;2;80;43;49m▀[38;2;61;26;35m[48;2;62;22;29m▀[38;2;52;17;23m[48;2;78;28;39m▀[38;2;0;0;0m[48;2;74;20;32m▀[0m [0m [0m [0m
                                                               [0m [38;2;74;26;42m[48;2;5;17;28m▀[38;2;109;34;50m[48;2;110;32;56m▀[38;2;73;25;39m[48;2;119;33;48m▀[38;2;122;38;57m[48;2;152;45;57m▀[38;2;136;38;61m[48;2;139;37;60m▀[38;2;86;34;50m[48;2;141;38;54m▀[38;2;120;29;60m[48;2;156;39;62m▀[38;2;138;67;52m[48;2;107;50;49m▀[38;2;87;58;37m[48;2;94;32;45m▀[38;2;95;30;50m[48;2;135;35;64m▀[38;2;79;33;53m[48;2;88;40;48m▀[38;2;57;17;32m[48;2;115;27;45m▀[0m [0m [0m [0m
                                                               [0m [38;2;89;25;12m[48;2;104;29;42m▀[38;2;65;22;41m[48;2;119;64;49m▀[38;2;104;31;50m[48;2;63;27;50m▀[38;2;123;34;52m[48;2;93;28;45m▀[38;2;102;33;47m[48;2;106;29;47m▀[38;2;139;36;62m[48;2;107;38;47m▀[38;2;129;33;60m[48;2;72;30;44m▀[38;2;79;37;35m[48;2;132;32;57m▀[38;2;154;43;62m[48;2;115;32;63m▀[38;2;103;28;57m[48;2;107;65;36m▀[38;2;122;67;42m[48;2;137;63;53m▀[38;2;159;84;52m[48;2;228;169;51m▀[38;2;102;22;48m[48;2;163;93;52m▀[38;2;85;0;0m[48;2;38;0;30m▀[0m [0m
                                                               [38;2;0;0;0m[48;2;39;11;28m▀[38;2;135;69;47m[48;2;131;79;42m▀[38;2;197;125;57m[48;2;170;105;49m▀[38;2;87;41;48m[48;2;174;114;44m▀[38;2;83;46;38m[48;2;171;121;37m▀[38;2;163;105;32m[48;2;255;194;48m▀[38;2;163;103;43m[48;2;194;103;54m▀[38;2;141;35;61m[48;2;142;26;67m▀[38;2;139;38;65m[48;2;79;38;43m▀[38;2;37;9;40m[48;2;124;77;31m▀[38;2;178;126;37m[48;2;244;178;51m▀[38;2;165;98;49m[48;2;216;148;54m▀[38;2;201;136;52m[48;2;158;97;53m▀[38;2;255;195;56m[48;2;200;171;43m▀[38;2;103;44;40m[48;2;117;61;40m▀[38;2;0;0;0m[48;2;46;11;23m▀[0m
                                                               [0m [38;2;0;0;7m[48;2;2;2;0m▀[38;2;28;8;22m[48;2;0;0;0m▀[38;2;121;81;32m[48;2;101;83;17m▀[38;2;222;160;47m[48;2;229;167;47m▀[38;2;235;176;45m[48;2;235;172;47m▀[38;2;188;101;52m[48;2;224;154;52m▀[38;2;143;26;66m[48;2;156;42;62m▀[38;2;81;35;38m[48;2;135;34;62m▀[38;2;158;102;33m[48;2;29;9;25m▀[38;2;184;131;41m[48;2;0;0;0m▀[38;2;125;90;38m[48;2;81;5;35m▀[38;2;78;31;38m[48;2;132;35;60m▀[38;2;58;0;33m[48;2;88;29;46m▀[38;2;18;0;12m[48;2;0;0;0m▀[0m [0m
                                                               [0m [0m [0m [38;2;67;35;33m[48;2;99;22;48m▀[38;2;219;158;47m[48;2;128;71;38m▀[38;2;241;178;49m[48;2;191;119;36m▀[38;2;207;145;40m[48;2;171;105;33m▀[38;2;137;56;48m[48;2;128;40;47m▀[38;2;157;36;67m[48;2;161;38;67m▀[38;2;104;34;53m[48;2;124;34;56m▀[38;2;88;27;49m[48;2;91;45;56m▀[38;2;148;37;67m[48;2;120;63;51m▀[38;2;110;38;58m[48;2;64;41;23m▀[38;2;0;11;17m[48;2;0;0;0m▀[0m [0m [0m
                                                               [0m [0m [0m [38;2;113;28;49m[48;2;20;10;10m▀[38;2;102;35;62m[48;2;55;24;37m▀[38;2;93;53;36m[48;2;66;25;53m▀[38;2;149;94;30m[48;2;48;22;32m▀[38;2;112;45;44m[48;2;42;22;22m▀[38;2;155;38;69m[48;2;70;29;49m▀[38;2;98;34;55m[48;2;88;32;54m▀[38;2;95;60;30m[48;2;80;14;39m▀[38;2;117;71;20m[48;2;0;0;0m▀[0m [0m [0m [0m [0m
                                                               [0m [0m [0m [0m [0m [38;2;118;49;53m[48;2;72;51;20m▀[38;2;82;36;42m[48;2;66;38;16m▀[0m [38;2;20;10;17m[48;2;63;18;27m▀[38;2;141;45;66m[48;2;91;51;42m▀[38;2;110;35;44m[48;2;58;35;22m▀[0m [0m [0m [0m [0m [0m[0m
[9F                                                               [0m [0m [0m [0m [38;2;0;0;0m[48;2;138;93;36m▀[38;2;0;0;0m[48;2;78;39;37m▀[38;2;0;0;0m[48;2;72;36;38m▀[38;2;85;41;30m[48;2;116;52;58m▀[38;2;88;41;46m[48;2;94;52;50m▀[38;2;45;22;34m[48;2;0;0;0m▀[0m [0m [0m [0m [0m [0m [0m
                                                               [0m [38;2;63;63;0m[48;2;75;26;31m▀[38;2;61;35;26m[48;2;90;31;38m▀[38;2;74;74;21m[48;2;73;28;40m▀[38;2;114;67;38m[48;2;136;38;65m▀[38;2;122;47;62m[48;2;145;38;65m▀[38;2;133;34;66m[48;2;133;43;66m▀[38;2;147;83;54m[48;2;145;47;60m▀[38;2;149;108;37m[48;2;103;49;51m▀[38;2;62;18;44m[48;2;80;43;49m▀[38;2;61;26;35m[48;2;62;22;29m▀[38;2;52;17;23m[48;2;78;28;39m▀[38;2;0;0;0m[48;2;74;20;32m▀[0m [0m [0m [0m
                                                               [0m [38;2;74;26;42m[48;2;5;17;28m▀[38;2;109;34;50m[48;2;110;32;56m▀[38;2;73;25;39m[48;2;119;33;48m▀[38;2;122;38;57m[48;2;152;45;57m▀[38;2;136;38;61m[48;2;139;37;60m▀[38;2;86;34;50m[48;2;141;38;54m▀[38;2;120;29;60m[48;2;156;39;62m▀[38;2;138;67;52m[48;2;107;50;49m▀[38;2;87;58;37m[48;2;94;32;45m▀[38;2;95;30;50m[48;2;135;35;64m▀[38;2;79;33;53m[48;2;88;40;48m▀[38;2;57;17;32m[48;2;115;27;45m▀[0m [0m [0m [0m
                                                               [0m [38;2;89;25;12m[48;2;104;29;42m▀[38;2;65;22;41m[48;2;119;64;49m▀[38;2;104;31;50m[48;2;63;27;50m▀[38;2;123;34;52m[48;2;93;28;45m▀[38;2;102;33;47m[48;2;106;29;47m▀[38;2;139;36;62m[48;2;107;38;47m▀[38;2;129;33;60m[48;2;72;30;44m▀[38;2;79;37;35m[48;2;132;32;57m▀[38;2;154;43;62m[48;2;115;32;63m▀[38;2;103;28;57m[48;2;107;65;36m▀[38;2;122;67;42m[48;2;137;63;53m▀[38;2;159;84;52m[48;2;228;169;51m▀[38;2;102;22;48m[48;2;163;93;52m▀[38;2;85;0;0m[48;2;38;0;30m▀[0m [0m
                                                               [38;2;0;0;0m[48;2;39;11;28m▀[38;2;135;69;47m[48;2;131;79;42m▀[38;2;197;125;57m[48;2;170;105;49m▀[38;2;87;41;48m[48;2;174;114;44m▀[38;2;83;46;38m[48;2;171;121;37m▀[38;2;163;105;32m[48;2;255;194;48m▀[38;2;163;103;43m[48;2;194;103;54m▀[38;2;141;35;61m[48;2;142;26;67m▀[38;2;139;38;65m[48;2;79;38;43m▀[38;2;37;9;40m[48;2;124;77;31m▀[38;2;178;126;37m[48;2;244;178;51m▀[38;2;165;98;49m[48;2;216;148;54m▀[38;2;201;136;52m[48;2;158;97;53m▀[38;2;255;195;56m[48;2;200;171;43m▀[38;2;103;44;40m[48;2;117;61;40m▀[38;2;0;0;0m[48;2;46;11;23m▀[0m
                                                               [0m [38;2;0;0;7m[48;2;2;2;0m▀[38;2;28;8;22m[48;2;0;0;0m▀[38;2;121;81;32m[48;2;101;83;17m▀[38;2;222;160;47m[48;2;229;167;47m▀[38;2;235;176;45m[48;2;235;172;47m▀[38;2;188;101;52m[48;2;224;154;52m▀[38;2;143;26;66m[48;2;156;42;62m▀[38;2;81;35;38m[48;2;135;34;62m▀[38;2;158;102;33m[48;2;29;9;25m▀[38;2;184;131;41m[48;2;0;0;0m▀[38;2;125;90;38m[48;2;81;5;35m▀[38;2;78;31;38m[48;2;132;35;60m▀[38;2;58;0;33m[48;2;88;29;46m▀[38;2;18;0;12m[48;2;0;0;0m▀[0m [0m
                                                               [0m [0m [0m [38;2;67;35;33m[48;2;99;22;48m▀[38;2;219;158;47m[48;2;128;71;38m▀[38;2;241;178;49m[48;2;191;119;36m▀[38;2;207;145;40m[48;2;171;105;33m▀[38;2;137;56;48m[48;2;128;40;47m▀[38;2;157;36;67m[48;2;161;38;67m▀[38;2;104;34;53m[48;2;124;34;56m▀[38;2;88;27;49m[48;2;91;45;56m▀[38;2;148;37;67m[48;2;120;63;51m▀[38;2;110;38;58m[48;2;64;41;23m▀[38;2;0;11;17m[48;2;0;0;0m▀[0m [0m [0m
                                                               [0m [0m [0m [38;2;113;28;49m[48;2;20;10;10m▀[38;2;102;35;62m[48;2;55;24;37m▀[38;2;93;53;36m[48;2;66;25;53m▀[38;2;149;94;30m[48;2;48;22;32m▀[38;2;112;45;44m[48;2;42;22;22m▀[38;2;155;38;69m[48;2;70;29;49m▀[38;2;98;34;55m[48;2;88;32;54m▀[38;2;95;60;30m[48;2;80;14;39m▀[38;2;117;71;20m[48;2;0;0;0m▀[0m [0m [0m [0m [0m
                                                               [0m [0m [0m [0m [0m [38;2;118;49;53m[48;2;72;51;20m▀[38;2;82;36;42m[48;2;66;38;16m▀[0m [38;2;20;10;17m[48;2;63;18;27m▀[38;2;141;45;66m[48;2;91;51;42m▀[38;2;110;35;44m[48;2;58;35;22m▀[0m [0m [0m [0m [0m [0m[0m
[?25h[0m

Script terminado en 2026-08-17 20:50:12+01:00 [CÓDIGO_SALIDA_ORDEN="0"]
