Script iniciado en 2026-08-17 20:50:14+01:00 [COMMAND="HERMES_HOME=/home/chegusan/.hermes-jorgito-test hermes pets show jorgito --state running --once --mode unicode" <no ejecutado en terminal>]
[?25lJorgito — mode=unicode  (Ctrl+C to stop)
                                                               [0m [0m [0m [0m [38;2;0;0;0m[48;2;85;34;38m▀[38;2;0;0;0m[48;2;70;22;30m▀[38;2;94;36;21m[48;2;131;37;54m▀[38;2;114;31;41m[48;2;114;41;61m▀[38;2;70;17;35m[48;2;41;28;28m▀[0m [0m [0m [0m [0m [0m [0m [0m
                                                               [0m [0m [0m [38;2;126;92;38m[48;2;122;30;44m▀[38;2;113;41;47m[48;2;147;38;63m▀[38;2;104;27;55m[48;2;173;33;62m▀[38;2;113;40;56m[48;2;174;36;58m▀[38;2;165;126;51m[48;2;124;54;50m▀[38;2;101;32;48m[48;2;95;43;53m▀[38;2;61;11;42m[48;2;60;24;32m▀[0m [0m [0m [0m [0m [0m [0m
                                                               [0m [0m [38;2;61;53;53m[48;2;76;97;80m▀[38;2;147;62;79m[48;2;95;69;68m▀[38;2;172;27;59m[48;2;161;26;59m▀[38;2;138;62;75m[48;2;126;84;90m▀[38;2;146;84;97m[48;2;121;127;108m▀[38;2;142;28;57m[48;2;181;70;70m▀[38;2;133;87;47m[48;2;104;48;52m▀[38;2;66;25;38m[48;2;53;25;32m▀[38;2;97;80;41m[48;2;143;54;53m▀[38;2;0;0;0m[48;2;133;31;55m▀[38;2;0;0;0m[48;2;108;18;41m▀[0m [0m [0m [0m
                                                               [0m [0m [38;2;65;14;22m[48;2;77;22;36m▀[38;2;166;46;54m[48;2;150;34;58m▀[38;2;185;46;65m[48;2;146;41;53m▀[38;2;148;22;67m[48;2;148;70;48m▀[38;2;199;120;54m[48;2;159;115;41m▀[38;2;193;132;51m[48;2;81;34;42m▀[38;2;85;35;50m[48;2;47;7;38m▀[38;2;61;24;32m[48;2;95;7;38m▀[38;2;133;29;56m[48;2;156;73;53m▀[38;2;169;77;56m[48;2;164;80;53m▀[38;2;151;59;51m[48;2;231;168;53m▀[38;2;101;3;45m[48;2;139;55;49m▀[0m [0m [0m
                                                               [0m [0m [0m [38;2;41;13;24m[48;2;78;12;42m▀[38;2;120;76;31m[48;2;200;134;49m▀[38;2;179;132;35m[48;2;250;193;51m▀[38;2;174;91;48m[48;2;196;92;57m▀[38;2;83;16;50m[48;2;149;26;61m▀[38;2;51;21;34m[48;2;96;33;49m▀[38;2;79;8;44m[48;2;149;87;37m▀[38;2;199;140;47m[48;2;241;184;50m▀[38;2;181;102;54m[48;2;206;135;56m▀[38;2;237;175;54m[48;2;157;97;50m▀[38;2;228;158;56m[48;2;167;136;46m▀[38;2;83;16;42m[48;2;110;40;46m▀[0m [0m
                                                               [0m [0m [0m [38;2;113;20;49m[48;2;134;21;59m▀[38;2;216;147;54m[48;2;145;73;50m▀[38;2;251;195;51m[48;2;143;92;42m▀[38;2;149;71;45m[48;2;133;18;58m▀[38;2;161;30;62m[48;2;116;28;53m▀[38;2;103;27;46m[48;2;82;25;53m▀[38;2;121;72;34m[48;2;61;13;51m▀[38;2;181;126;42m[48;2;0;0;0m▀[38;2;91;46;40m[48;2;0;0;0m▀[38;2;67;10;30m[48;2;108;27;47m▀[38;2;115;5;47m[48;2;93;25;48m▀[38;2;92;18;40m[48;2;126;31;55m▀[38;2;0;0;0m[48;2;115;24;43m▀[0m
                                                               [38;2;255;127;255m[48;2;135;104;94m▀[38;2;152;102;95m[48;2;173;127;101m▀[38;2;72;65;61m[48;2;123;96;89m▀[38;2;96;42;41m[48;2;81;42;48m▀[38;2;90;44;35m[48;2;132;73;30m▀[38;2;118;72;35m[48;2;245;183;50m▀[38;2;156;90;45m[48;2;246;184;49m▀[38;2;99;34;54m[48;2;142;73;45m▀[38;2;89;23;53m[48;2;138;28;57m▀[38;2;154;38;65m[48;2;185;42;65m▀[38;2;97;28;55m[48;2;121;27;59m▀[38;2;38;22;38m[48;2;115;23;56m▀[38;2;70;21;45m[48;2;121;27;42m▀[38;2;0;3;31m[48;2;119;24;49m▀[38;2;117;28;58m[48;2;160;38;66m▀[38;2;116;27;49m[48;2;111;42;42m▀[0m
                                                               [38;2;104;88;72m[48;2;0;0;0m▀[38;2;119;89;78m[48;2;0;0;0m▀[38;2;104;88;72m[48;2;0;0;0m▀[38;2;96;26;52m[48;2;0;0;0m▀[38;2;118;32;55m[48;2;86;33;44m▀[38;2;146;88;33m[48;2;92;29;54m▀[38;2;204;122;39m[48;2;91;45;31m▀[38;2;173;102;36m[48;2;105;63;21m▀[38;2;159;39;63m[48;2;74;16;42m▀[38;2;170;36;68m[48;2;94;17;56m▀[38;2;116;48;46m[48;2;102;51;42m▀[38;2;154;58;60m[48;2;159;98;32m▀[38;2;161;37;68m[48;2;147;78;43m▀[38;2;173;43;70m[48;2;141;80;41m▀[38;2;143;56;53m[48;2;132;88;37m▀[38;2;85;58;26m[48;2;0;0;0m▀[0m
                                                               [0m [38;2;178;110;119m[48;2;180;117;105m▀[38;2;167;98;98m[48;2;159;107;84m▀[38;2;150;69;92m[48;2;151;82;82m▀[38;2;88;52;29m[48;2;0;1;2m▀[38;2;91;38;41m[48;2;0;0;0m▀[0m [0m [38;2;126;53;45m[48;2;109;73;29m▀[38;2;156;57;65m[48;2;109;72;40m▀[38;2;82;24;49m[48;2;90;51;39m▀[0m [38;2;89;31;38m[48;2;0;0;0m▀[0m [0m [0m [0m[0m
[9F                                                               [0m [0m [0m [0m [38;2;0;0;0m[48;2;85;34;38m▀[38;2;0;0;0m[48;2;70;22;30m▀[38;2;94;36;21m[48;2;131;37;54m▀[38;2;114;31;41m[48;2;114;41;61m▀[38;2;70;17;35m[48;2;41;28;28m▀[0m [0m [0m [0m [0m [0m [0m [0m
                                                               [0m [0m [0m [38;2;126;92;38m[48;2;122;30;44m▀[38;2;113;41;47m[48;2;147;38;63m▀[38;2;104;27;55m[48;2;173;33;62m▀[38;2;113;40;56m[48;2;174;36;58m▀[38;2;165;126;51m[48;2;124;54;50m▀[38;2;101;32;48m[48;2;95;43;53m▀[38;2;61;11;42m[48;2;60;24;32m▀[0m [0m [0m [0m [0m [0m [0m
                                                               [0m [0m [38;2;61;53;53m[48;2;76;97;80m▀[38;2;147;62;79m[48;2;95;69;68m▀[38;2;172;27;59m[48;2;161;26;59m▀[38;2;138;62;75m[48;2;126;84;90m▀[38;2;146;84;97m[48;2;121;127;108m▀[38;2;142;28;57m[48;2;181;70;70m▀[38;2;133;87;47m[48;2;104;48;52m▀[38;2;66;25;38m[48;2;53;25;32m▀[38;2;97;80;41m[48;2;143;54;53m▀[38;2;0;0;0m[48;2;133;31;55m▀[38;2;0;0;0m[48;2;108;18;41m▀[0m [0m [0m [0m
                                                               [0m [0m [38;2;65;14;22m[48;2;77;22;36m▀[38;2;166;46;54m[48;2;150;34;58m▀[38;2;185;46;65m[48;2;146;41;53m▀[38;2;148;22;67m[48;2;148;70;48m▀[38;2;199;120;54m[48;2;159;115;41m▀[38;2;193;132;51m[48;2;81;34;42m▀[38;2;85;35;50m[48;2;47;7;38m▀[38;2;61;24;32m[48;2;95;7;38m▀[38;2;133;29;56m[48;2;156;73;53m▀[38;2;169;77;56m[48;2;164;80;53m▀[38;2;151;59;51m[48;2;231;168;53m▀[38;2;101;3;45m[48;2;139;55;49m▀[0m [0m [0m
                                                               [0m [0m [0m [38;2;41;13;24m[48;2;78;12;42m▀[38;2;120;76;31m[48;2;200;134;49m▀[38;2;179;132;35m[48;2;250;193;51m▀[38;2;174;91;48m[48;2;196;92;57m▀[38;2;83;16;50m[48;2;149;26;61m▀[38;2;51;21;34m[48;2;96;33;49m▀[38;2;79;8;44m[48;2;149;87;37m▀[38;2;199;140;47m[48;2;241;184;50m▀[38;2;181;102;54m[48;2;206;135;56m▀[38;2;237;175;54m[48;2;157;97;50m▀[38;2;228;158;56m[48;2;167;136;46m▀[38;2;83;16;42m[48;2;110;40;46m▀[0m [0m
                                                               [0m [0m [0m [38;2;113;20;49m[48;2;134;21;59m▀[38;2;216;147;54m[48;2;145;73;50m▀[38;2;251;195;51m[48;2;143;92;42m▀[38;2;149;71;45m[48;2;133;18;58m▀[38;2;161;30;62m[48;2;116;28;53m▀[38;2;103;27;46m[48;2;82;25;53m▀[38;2;121;72;34m[48;2;61;13;51m▀[38;2;181;126;42m[48;2;0;0;0m▀[38;2;91;46;40m[48;2;0;0;0m▀[38;2;67;10;30m[48;2;108;27;47m▀[38;2;115;5;47m[48;2;93;25;48m▀[38;2;92;18;40m[48;2;126;31;55m▀[38;2;0;0;0m[48;2;115;24;43m▀[0m
                                                               [38;2;255;127;255m[48;2;135;104;94m▀[38;2;152;102;95m[48;2;173;127;101m▀[38;2;72;65;61m[48;2;123;96;89m▀[38;2;96;42;41m[48;2;81;42;48m▀[38;2;90;44;35m[48;2;132;73;30m▀[38;2;118;72;35m[48;2;245;183;50m▀[38;2;156;90;45m[48;2;246;184;49m▀[38;2;99;34;54m[48;2;142;73;45m▀[38;2;89;23;53m[48;2;138;28;57m▀[38;2;154;38;65m[48;2;185;42;65m▀[38;2;97;28;55m[48;2;121;27;59m▀[38;2;38;22;38m[48;2;115;23;56m▀[38;2;70;21;45m[48;2;121;27;42m▀[38;2;0;3;31m[48;2;119;24;49m▀[38;2;117;28;58m[48;2;160;38;66m▀[38;2;116;27;49m[48;2;111;42;42m▀[0m
                                                               [38;2;104;88;72m[48;2;0;0;0m▀[38;2;119;89;78m[48;2;0;0;0m▀[38;2;104;88;72m[48;2;0;0;0m▀[38;2;96;26;52m[48;2;0;0;0m▀[38;2;118;32;55m[48;2;86;33;44m▀[38;2;146;88;33m[48;2;92;29;54m▀[38;2;204;122;39m[48;2;91;45;31m▀[38;2;173;102;36m[48;2;105;63;21m▀[38;2;159;39;63m[48;2;74;16;42m▀[38;2;170;36;68m[48;2;94;17;56m▀[38;2;116;48;46m[48;2;102;51;42m▀[38;2;154;58;60m[48;2;159;98;32m▀[38;2;161;37;68m[48;2;147;78;43m▀[38;2;173;43;70m[48;2;141;80;41m▀[38;2;143;56;53m[48;2;132;88;37m▀[38;2;85;58;26m[48;2;0;0;0m▀[0m
                                                               [0m [38;2;178;110;119m[48;2;180;117;105m▀[38;2;167;98;98m[48;2;159;107;84m▀[38;2;150;69;92m[48;2;151;82;82m▀[38;2;88;52;29m[48;2;0;1;2m▀[38;2;91;38;41m[48;2;0;0;0m▀[0m [0m [38;2;126;53;45m[48;2;109;73;29m▀[38;2;156;57;65m[48;2;109;72;40m▀[38;2;82;24;49m[48;2;90;51;39m▀[0m [38;2;89;31;38m[48;2;0;0;0m▀[0m [0m [0m [0m[0m
[9F                                                               [0m [0m [0m [0m [38;2;0;0;0m[48;2;85;34;38m▀[38;2;0;0;0m[48;2;70;22;30m▀[38;2;94;36;21m[48;2;131;37;54m▀[38;2;114;31;41m[48;2;114;41;61m▀[38;2;70;17;35m[48;2;41;28;28m▀[0m [0m [0m [0m [0m [0m [0m [0m
                                                               [0m [0m [0m [38;2;126;92;38m[48;2;122;30;44m▀[38;2;113;41;47m[48;2;147;38;63m▀[38;2;104;27;55m[48;2;173;33;62m▀[38;2;113;40;56m[48;2;174;36;58m▀[38;2;165;126;51m[48;2;124;54;50m▀[38;2;101;32;48m[48;2;95;43;53m▀[38;2;61;11;42m[48;2;60;24;32m▀[0m [0m [0m [0m [0m [0m [0m
                                                               [0m [0m [38;2;61;53;53m[48;2;76;97;80m▀[38;2;147;62;79m[48;2;95;69;68m▀[38;2;172;27;59m[48;2;161;26;59m▀[38;2;138;62;75m[48;2;126;84;90m▀[38;2;146;84;97m[48;2;121;127;108m▀[38;2;142;28;57m[48;2;181;70;70m▀[38;2;133;87;47m[48;2;104;48;52m▀[38;2;66;25;38m[48;2;53;25;32m▀[38;2;97;80;41m[48;2;143;54;53m▀[38;2;0;0;0m[48;2;133;31;55m▀[38;2;0;0;0m[48;2;108;18;41m▀[0m [0m [0m [0m
                                                               [0m [0m [38;2;65;14;22m[48;2;77;22;36m▀[38;2;166;46;54m[48;2;150;34;58m▀[38;2;185;46;65m[48;2;146;41;53m▀[38;2;148;22;67m[48;2;148;70;48m▀[38;2;199;120;54m[48;2;159;115;41m▀[38;2;193;132;51m[48;2;81;34;42m▀[38;2;85;35;50m[48;2;47;7;38m▀[38;2;61;24;32m[48;2;95;7;38m▀[38;2;133;29;56m[48;2;156;73;53m▀[38;2;169;77;56m[48;2;164;80;53m▀[38;2;151;59;51m[48;2;231;168;53m▀[38;2;101;3;45m[48;2;139;55;49m▀[0m [0m [0m
                                                               [0m [0m [0m [38;2;41;13;24m[48;2;78;12;42m▀[38;2;120;76;31m[48;2;200;134;49m▀[38;2;179;132;35m[48;2;250;193;51m▀[38;2;174;91;48m[48;2;196;92;57m▀[38;2;83;16;50m[48;2;149;26;61m▀[38;2;51;21;34m[48;2;96;33;49m▀[38;2;79;8;44m[48;2;149;87;37m▀[38;2;199;140;47m[48;2;241;184;50m▀[38;2;181;102;54m[48;2;206;135;56m▀[38;2;237;175;54m[48;2;157;97;50m▀[38;2;228;158;56m[48;2;167;136;46m▀[38;2;83;16;42m[48;2;110;40;46m▀[0m [0m
                                                               [0m [0m [0m [38;2;113;20;49m[48;2;134;21;59m▀[38;2;216;147;54m[48;2;145;73;50m▀[38;2;251;195;51m[48;2;143;92;42m▀[38;2;149;71;45m[48;2;133;18;58m▀[38;2;161;30;62m[48;2;116;28;53m▀[38;2;103;27;46m[48;2;82;25;53m▀[38;2;121;72;34m[48;2;61;13;51m▀[38;2;181;126;42m[48;2;0;0;0m▀[38;2;91;46;40m[48;2;0;0;0m▀[38;2;67;10;30m[48;2;108;27;47m▀[38;2;115;5;47m[48;2;93;25;48m▀[38;2;92;18;40m[48;2;126;31;55m▀[38;2;0;0;0m[48;2;115;24;43m▀[0m
                                                               [38;2;255;127;255m[48;2;135;104;94m▀[38;2;152;102;95m[48;2;173;127;101m▀[38;2;72;65;61m[48;2;123;96;89m▀[38;2;96;42;41m[48;2;81;42;48m▀[38;2;90;44;35m[48;2;132;73;30m▀[38;2;118;72;35m[48;2;245;183;50m▀[38;2;156;90;45m[48;2;246;184;49m▀[38;2;99;34;54m[48;2;142;73;45m▀[38;2;89;23;53m[48;2;138;28;57m▀[38;2;154;38;65m[48;2;185;42;65m▀[38;2;97;28;55m[48;2;121;27;59m▀[38;2;38;22;38m[48;2;115;23;56m▀[38;2;70;21;45m[48;2;121;27;42m▀[38;2;0;3;31m[48;2;119;24;49m▀[38;2;117;28;58m[48;2;160;38;66m▀[38;2;116;27;49m[48;2;111;42;42m▀[0m
                                                               [38;2;104;88;72m[48;2;0;0;0m▀[38;2;119;89;78m[48;2;0;0;0m▀[38;2;104;88;72m[48;2;0;0;0m▀[38;2;96;26;52m[48;2;0;0;0m▀[38;2;118;32;55m[48;2;86;33;44m▀[38;2;146;88;33m[48;2;92;29;54m▀[38;2;204;122;39m[48;2;91;45;31m▀[38;2;173;102;36m[48;2;105;63;21m▀[38;2;159;39;63m[48;2;74;16;42m▀[38;2;170;36;68m[48;2;94;17;56m▀[38;2;116;48;46m[48;2;102;51;42m▀[38;2;154;58;60m[48;2;159;98;32m▀[38;2;161;37;68m[48;2;147;78;43m▀[38;2;173;43;70m[48;2;141;80;41m▀[38;2;143;56;53m[48;2;132;88;37m▀[38;2;85;58;26m[48;2;0;0;0m▀[0m
                                                               [0m [38;2;178;110;119m[48;2;180;117;105m▀[38;2;167;98;98m[48;2;159;107;84m▀[38;2;150;69;92m[48;2;151;82;82m▀[38;2;88;52;29m[48;2;0;1;2m▀[38;2;91;38;41m[48;2;0;0;0m▀[0m [0m [38;2;126;53;45m[48;2;109;73;29m▀[38;2;156;57;65m[48;2;109;72;40m▀[38;2;82;24;49m[48;2;90;51;39m▀[0m [38;2;89;31;38m[48;2;0;0;0m▀[0m [0m [0m [0m[0m
[9F                                                               [0m [0m [0m [0m [38;2;0;0;0m[48;2;85;34;38m▀[38;2;0;0;0m[48;2;70;22;30m▀[38;2;94;36;21m[48;2;131;37;54m▀[38;2;114;31;41m[48;2;114;41;61m▀[38;2;70;17;35m[48;2;41;28;28m▀[0m [0m [0m [0m [0m [0m [0m [0m
                                                               [0m [0m [0m [38;2;126;92;38m[48;2;122;30;44m▀[38;2;113;41;47m[48;2;147;38;63m▀[38;2;104;27;55m[48;2;173;33;62m▀[38;2;113;40;56m[48;2;174;36;58m▀[38;2;165;126;51m[48;2;124;54;50m▀[38;2;101;32;48m[48;2;95;43;53m▀[38;2;61;11;42m[48;2;60;24;32m▀[0m [0m [0m [0m [0m [0m [0m
                                                               [0m [0m [38;2;61;53;53m[48;2;76;97;80m▀[38;2;147;62;79m[48;2;95;69;68m▀[38;2;172;27;59m[48;2;161;26;59m▀[38;2;138;62;75m[48;2;126;84;90m▀[38;2;146;84;97m[48;2;121;127;108m▀[38;2;142;28;57m[48;2;181;70;70m▀[38;2;133;87;47m[48;2;104;48;52m▀[38;2;66;25;38m[48;2;53;25;32m▀[38;2;97;80;41m[48;2;143;54;53m▀[38;2;0;0;0m[48;2;133;31;55m▀[38;2;0;0;0m[48;2;108;18;41m▀[0m [0m [0m [0m
                                                               [0m [0m [38;2;65;14;22m[48;2;77;22;36m▀[38;2;166;46;54m[48;2;150;34;58m▀[38;2;185;46;65m[48;2;146;41;53m▀[38;2;148;22;67m[48;2;148;70;48m▀[38;2;199;120;54m[48;2;159;115;41m▀[38;2;193;132;51m[48;2;81;34;42m▀[38;2;85;35;50m[48;2;47;7;38m▀[38;2;61;24;32m[48;2;95;7;38m▀[38;2;133;29;56m[48;2;156;73;53m▀[38;2;169;77;56m[48;2;164;80;53m▀[38;2;151;59;51m[48;2;231;168;53m▀[38;2;101;3;45m[48;2;139;55;49m▀[0m [0m [0m
                                                               [0m [0m [0m [38;2;41;13;24m[48;2;78;12;42m▀[38;2;120;76;31m[48;2;200;134;49m▀[38;2;179;132;35m[48;2;250;193;51m▀[38;2;174;91;48m[48;2;196;92;57m▀[38;2;83;16;50m[48;2;149;26;61m▀[38;2;51;21;34m[48;2;96;33;49m▀[38;2;79;8;44m[48;2;149;87;37m▀[38;2;199;140;47m[48;2;241;184;50m▀[38;2;181;102;54m[48;2;206;135;56m▀[38;2;237;175;54m[48;2;157;97;50m▀[38;2;228;158;56m[48;2;167;136;46m▀[38;2;83;16;42m[48;2;110;40;46m▀[0m [0m
                                                               [0m [0m [0m [38;2;113;20;49m[48;2;134;21;59m▀[38;2;216;147;54m[48;2;145;73;50m▀[38;2;251;195;51m[48;2;143;92;42m▀[38;2;149;71;45m[48;2;133;18;58m▀[38;2;161;30;62m[48;2;116;28;53m▀[38;2;103;27;46m[48;2;82;25;53m▀[38;2;121;72;34m[48;2;61;13;51m▀[38;2;181;126;42m[48;2;0;0;0m▀[38;2;91;46;40m[48;2;0;0;0m▀[38;2;67;10;30m[48;2;108;27;47m▀[38;2;115;5;47m[48;2;93;25;48m▀[38;2;92;18;40m[48;2;126;31;55m▀[38;2;0;0;0m[48;2;115;24;43m▀[0m
                                                               [38;2;255;127;255m[48;2;135;104;94m▀[38;2;152;102;95m[48;2;173;127;101m▀[38;2;72;65;61m[48;2;123;96;89m▀[38;2;96;42;41m[48;2;81;42;48m▀[38;2;90;44;35m[48;2;132;73;30m▀[38;2;118;72;35m[48;2;245;183;50m▀[38;2;156;90;45m[48;2;246;184;49m▀[38;2;99;34;54m[48;2;142;73;45m▀[38;2;89;23;53m[48;2;138;28;57m▀[38;2;154;38;65m[48;2;185;42;65m▀[38;2;97;28;55m[48;2;121;27;59m▀[38;2;38;22;38m[48;2;115;23;56m▀[38;2;70;21;45m[48;2;121;27;42m▀[38;2;0;3;31m[48;2;119;24;49m▀[38;2;117;28;58m[48;2;160;38;66m▀[38;2;116;27;49m[48;2;111;42;42m▀[0m
                                                               [38;2;104;88;72m[48;2;0;0;0m▀[38;2;119;89;78m[48;2;0;0;0m▀[38;2;104;88;72m[48;2;0;0;0m▀[38;2;96;26;52m[48;2;0;0;0m▀[38;2;118;32;55m[48;2;86;33;44m▀[38;2;146;88;33m[48;2;92;29;54m▀[38;2;204;122;39m[48;2;91;45;31m▀[38;2;173;102;36m[48;2;105;63;21m▀[38;2;159;39;63m[48;2;74;16;42m▀[38;2;170;36;68m[48;2;94;17;56m▀[38;2;116;48;46m[48;2;102;51;42m▀[38;2;154;58;60m[48;2;159;98;32m▀[38;2;161;37;68m[48;2;147;78;43m▀[38;2;173;43;70m[48;2;141;80;41m▀[38;2;143;56;53m[48;2;132;88;37m▀[38;2;85;58;26m[48;2;0;0;0m▀[0m
                                                               [0m [38;2;178;110;119m[48;2;180;117;105m▀[38;2;167;98;98m[48;2;159;107;84m▀[38;2;150;69;92m[48;2;151;82;82m▀[38;2;88;52;29m[48;2;0;1;2m▀[38;2;91;38;41m[48;2;0;0;0m▀[0m [0m [38;2;126;53;45m[48;2;109;73;29m▀[38;2;156;57;65m[48;2;109;72;40m▀[38;2;82;24;49m[48;2;90;51;39m▀[0m [38;2;89;31;38m[48;2;0;0;0m▀[0m [0m [0m [0m[0m
[9F                                                               [0m [0m [0m [0m [38;2;0;0;0m[48;2;85;34;38m▀[38;2;0;0;0m[48;2;70;22;30m▀[38;2;94;36;21m[48;2;131;37;54m▀[38;2;114;31;41m[48;2;114;41;61m▀[38;2;70;17;35m[48;2;41;28;28m▀[0m [0m [0m [0m [0m [0m [0m [0m
                                                               [0m [0m [0m [38;2;126;92;38m[48;2;122;30;44m▀[38;2;113;41;47m[48;2;147;38;63m▀[38;2;104;27;55m[48;2;173;33;62m▀[38;2;113;40;56m[48;2;174;36;58m▀[38;2;165;126;51m[48;2;124;54;50m▀[38;2;101;32;48m[48;2;95;43;53m▀[38;2;61;11;42m[48;2;60;24;32m▀[0m [0m [0m [0m [0m [0m [0m
                                                               [0m [0m [38;2;61;53;53m[48;2;76;97;80m▀[38;2;147;62;79m[48;2;95;69;68m▀[38;2;172;27;59m[48;2;161;26;59m▀[38;2;138;62;75m[48;2;126;84;90m▀[38;2;146;84;97m[48;2;121;127;108m▀[38;2;142;28;57m[48;2;181;70;70m▀[38;2;133;87;47m[48;2;104;48;52m▀[38;2;66;25;38m[48;2;53;25;32m▀[38;2;97;80;41m[48;2;143;54;53m▀[38;2;0;0;0m[48;2;133;31;55m▀[38;2;0;0;0m[48;2;108;18;41m▀[0m [0m [0m [0m
                                                               [0m [0m [38;2;65;14;22m[48;2;77;22;36m▀[38;2;166;46;54m[48;2;150;34;58m▀[38;2;185;46;65m[48;2;146;41;53m▀[38;2;148;22;67m[48;2;148;70;48m▀[38;2;199;120;54m[48;2;159;115;41m▀[38;2;193;132;51m[48;2;81;34;42m▀[38;2;85;35;50m[48;2;47;7;38m▀[38;2;61;24;32m[48;2;95;7;38m▀[38;2;133;29;56m[48;2;156;73;53m▀[38;2;169;77;56m[48;2;164;80;53m▀[38;2;151;59;51m[48;2;231;168;53m▀[38;2;101;3;45m[48;2;139;55;49m▀[0m [0m [0m
                                                               [0m [0m [0m [38;2;41;13;24m[48;2;78;12;42m▀[38;2;120;76;31m[48;2;200;134;49m▀[38;2;179;132;35m[48;2;250;193;51m▀[38;2;174;91;48m[48;2;196;92;57m▀[38;2;83;16;50m[48;2;149;26;61m▀[38;2;51;21;34m[48;2;96;33;49m▀[38;2;79;8;44m[48;2;149;87;37m▀[38;2;199;140;47m[48;2;241;184;50m▀[38;2;181;102;54m[48;2;206;135;56m▀[38;2;237;175;54m[48;2;157;97;50m▀[38;2;228;158;56m[48;2;167;136;46m▀[38;2;83;16;42m[48;2;110;40;46m▀[0m [0m
                                                               [0m [0m [0m [38;2;113;20;49m[48;2;134;21;59m▀[38;2;216;147;54m[48;2;145;73;50m▀[38;2;251;195;51m[48;2;143;92;42m▀[38;2;149;71;45m[48;2;133;18;58m▀[38;2;161;30;62m[48;2;116;28;53m▀[38;2;103;27;46m[48;2;82;25;53m▀[38;2;121;72;34m[48;2;61;13;51m▀[38;2;181;126;42m[48;2;0;0;0m▀[38;2;91;46;40m[48;2;0;0;0m▀[38;2;67;10;30m[48;2;108;27;47m▀[38;2;115;5;47m[48;2;93;25;48m▀[38;2;92;18;40m[48;2;126;31;55m▀[38;2;0;0;0m[48;2;115;24;43m▀[0m
                                                               [38;2;255;127;255m[48;2;135;104;94m▀[38;2;152;102;95m[48;2;173;127;101m▀[38;2;72;65;61m[48;2;123;96;89m▀[38;2;96;42;41m[48;2;81;42;48m▀[38;2;90;44;35m[48;2;132;73;30m▀[38;2;118;72;35m[48;2;245;183;50m▀[38;2;156;90;45m[48;2;246;184;49m▀[38;2;99;34;54m[48;2;142;73;45m▀[38;2;89;23;53m[48;2;138;28;57m▀[38;2;154;38;65m[48;2;185;42;65m▀[38;2;97;28;55m[48;2;121;27;59m▀[38;2;38;22;38m[48;2;115;23;56m▀[38;2;70;21;45m[48;2;121;27;42m▀[38;2;0;3;31m[48;2;119;24;49m▀[38;2;117;28;58m[48;2;160;38;66m▀[38;2;116;27;49m[48;2;111;42;42m▀[0m
                                                               [38;2;104;88;72m[48;2;0;0;0m▀[38;2;119;89;78m[48;2;0;0;0m▀[38;2;104;88;72m[48;2;0;0;0m▀[38;2;96;26;52m[48;2;0;0;0m▀[38;2;118;32;55m[48;2;86;33;44m▀[38;2;146;88;33m[48;2;92;29;54m▀[38;2;204;122;39m[48;2;91;45;31m▀[38;2;173;102;36m[48;2;105;63;21m▀[38;2;159;39;63m[48;2;74;16;42m▀[38;2;170;36;68m[48;2;94;17;56m▀[38;2;116;48;46m[48;2;102;51;42m▀[38;2;154;58;60m[48;2;159;98;32m▀[38;2;161;37;68m[48;2;147;78;43m▀[38;2;173;43;70m[48;2;141;80;41m▀[38;2;143;56;53m[48;2;132;88;37m▀[38;2;85;58;26m[48;2;0;0;0m▀[0m
                                                               [0m [38;2;178;110;119m[48;2;180;117;105m▀[38;2;167;98;98m[48;2;159;107;84m▀[38;2;150;69;92m[48;2;151;82;82m▀[38;2;88;52;29m[48;2;0;1;2m▀[38;2;91;38;41m[48;2;0;0;0m▀[0m [0m [38;2;126;53;45m[48;2;109;73;29m▀[38;2;156;57;65m[48;2;109;72;40m▀[38;2;82;24;49m[48;2;90;51;39m▀[0m [38;2;89;31;38m[48;2;0;0;0m▀[0m [0m [0m [0m[0m
[9F                                                               [0m [0m [0m [0m [38;2;0;0;0m[48;2;85;34;38m▀[38;2;0;0;0m[48;2;70;22;30m▀[38;2;94;36;21m[48;2;131;37;54m▀[38;2;114;31;41m[48;2;114;41;61m▀[38;2;70;17;35m[48;2;41;28;28m▀[0m [0m [0m [0m [0m [0m [0m [0m
                                                               [0m [0m [0m [38;2;126;92;38m[48;2;122;30;44m▀[38;2;113;41;47m[48;2;147;38;63m▀[38;2;104;27;55m[48;2;173;33;62m▀[38;2;113;40;56m[48;2;174;36;58m▀[38;2;165;126;51m[48;2;124;54;50m▀[38;2;101;32;48m[48;2;95;43;53m▀[38;2;61;11;42m[48;2;60;24;32m▀[0m [0m [0m [0m [0m [0m [0m
                                                               [0m [0m [38;2;61;53;53m[48;2;76;97;80m▀[38;2;147;62;79m[48;2;95;69;68m▀[38;2;172;27;59m[48;2;161;26;59m▀[38;2;138;62;75m[48;2;126;84;90m▀[38;2;146;84;97m[48;2;121;127;108m▀[38;2;142;28;57m[48;2;181;70;70m▀[38;2;133;87;47m[48;2;104;48;52m▀[38;2;66;25;38m[48;2;53;25;32m▀[38;2;97;80;41m[48;2;143;54;53m▀[38;2;0;0;0m[48;2;133;31;55m▀[38;2;0;0;0m[48;2;108;18;41m▀[0m [0m [0m [0m
                                                               [0m [0m [38;2;65;14;22m[48;2;77;22;36m▀[38;2;166;46;54m[48;2;150;34;58m▀[38;2;185;46;65m[48;2;146;41;53m▀[38;2;148;22;67m[48;2;148;70;48m▀[38;2;199;120;54m[48;2;159;115;41m▀[38;2;193;132;51m[48;2;81;34;42m▀[38;2;85;35;50m[48;2;47;7;38m▀[38;2;61;24;32m[48;2;95;7;38m▀[38;2;133;29;56m[48;2;156;73;53m▀[38;2;169;77;56m[48;2;164;80;53m▀[38;2;151;59;51m[48;2;231;168;53m▀[38;2;101;3;45m[48;2;139;55;49m▀[0m [0m [0m
                                                               [0m [0m [0m [38;2;41;13;24m[48;2;78;12;42m▀[38;2;120;76;31m[48;2;200;134;49m▀[38;2;179;132;35m[48;2;250;193;51m▀[38;2;174;91;48m[48;2;196;92;57m▀[38;2;83;16;50m[48;2;149;26;61m▀[38;2;51;21;34m[48;2;96;33;49m▀[38;2;79;8;44m[48;2;149;87;37m▀[38;2;199;140;47m[48;2;241;184;50m▀[38;2;181;102;54m[48;2;206;135;56m▀[38;2;237;175;54m[48;2;157;97;50m▀[38;2;228;158;56m[48;2;167;136;46m▀[38;2;83;16;42m[48;2;110;40;46m▀[0m [0m
                                                               [0m [0m [0m [38;2;113;20;49m[48;2;134;21;59m▀[38;2;216;147;54m[48;2;145;73;50m▀[38;2;251;195;51m[48;2;143;92;42m▀[38;2;149;71;45m[48;2;133;18;58m▀[38;2;161;30;62m[48;2;116;28;53m▀[38;2;103;27;46m[48;2;82;25;53m▀[38;2;121;72;34m[48;2;61;13;51m▀[38;2;181;126;42m[48;2;0;0;0m▀[38;2;91;46;40m[48;2;0;0;0m▀[38;2;67;10;30m[48;2;108;27;47m▀[38;2;115;5;47m[48;2;93;25;48m▀[38;2;92;18;40m[48;2;126;31;55m▀[38;2;0;0;0m[48;2;115;24;43m▀[0m
                                                               [38;2;255;127;255m[48;2;135;104;94m▀[38;2;152;102;95m[48;2;173;127;101m▀[38;2;72;65;61m[48;2;123;96;89m▀[38;2;96;42;41m[48;2;81;42;48m▀[38;2;90;44;35m[48;2;132;73;30m▀[38;2;118;72;35m[48;2;245;183;50m▀[38;2;156;90;45m[48;2;246;184;49m▀[38;2;99;34;54m[48;2;142;73;45m▀[38;2;89;23;53m[48;2;138;28;57m▀[38;2;154;38;65m[48;2;185;42;65m▀[38;2;97;28;55m[48;2;121;27;59m▀[38;2;38;22;38m[48;2;115;23;56m▀[38;2;70;21;45m[48;2;121;27;42m▀[38;2;0;3;31m[48;2;119;24;49m▀[38;2;117;28;58m[48;2;160;38;66m▀[38;2;116;27;49m[48;2;111;42;42m▀[0m
                                                               [38;2;104;88;72m[48;2;0;0;0m▀[38;2;119;89;78m[48;2;0;0;0m▀[38;2;104;88;72m[48;2;0;0;0m▀[38;2;96;26;52m[48;2;0;0;0m▀[38;2;118;32;55m[48;2;86;33;44m▀[38;2;146;88;33m[48;2;92;29;54m▀[38;2;204;122;39m[48;2;91;45;31m▀[38;2;173;102;36m[48;2;105;63;21m▀[38;2;159;39;63m[48;2;74;16;42m▀[38;2;170;36;68m[48;2;94;17;56m▀[38;2;116;48;46m[48;2;102;51;42m▀[38;2;154;58;60m[48;2;159;98;32m▀[38;2;161;37;68m[48;2;147;78;43m▀[38;2;173;43;70m[48;2;141;80;41m▀[38;2;143;56;53m[48;2;132;88;37m▀[38;2;85;58;26m[48;2;0;0;0m▀[0m
                                                               [0m [38;2;178;110;119m[48;2;180;117;105m▀[38;2;167;98;98m[48;2;159;107;84m▀[38;2;150;69;92m[48;2;151;82;82m▀[38;2;88;52;29m[48;2;0;1;2m▀[38;2;91;38;41m[48;2;0;0;0m▀[0m [0m [38;2;126;53;45m[48;2;109;73;29m▀[38;2;156;57;65m[48;2;109;72;40m▀[38;2;82;24;49m[48;2;90;51;39m▀[0m [38;2;89;31;38m[48;2;0;0;0m▀[0m [0m [0m [0m[0m
[?25h[0m

Script terminado en 2026-08-17 20:50:16+01:00 [CÓDIGO_SALIDA_ORDEN="0"]
