Script iniciado en 2026-08-17 20:50:06+01:00 [COMMAND="HERMES_HOME=/home/chegusan/.hermes-jorgito-test hermes pets show jorgito --state running-right --once --mode unicode" <no ejecutado en terminal>]
[?25lJorgito — mode=unicode  (Ctrl+C to stop)
                                                               [0m [0m [0m [0m [0m [0m [0m [0m [0m [38;2;0;0;0m[48;2;40;18;22m▀[38;2;0;0;0m[48;2;49;29;23m▀[0m [0m [0m [0m [0m [0m
                                                               [0m [0m [0m [0m [0m [38;2;0;0;0m[48;2;31;7;35m▀[38;2;0;0;0m[48;2;46;20;37m▀[38;2;0;0;0m[48;2;43;26;33m▀[38;2;0;0;0m[48;2;38;17;21m▀[38;2;47;27;33m[48;2;82;44;31m▀[38;2;92;50;57m[48;2;165;123;43m▀[38;2;89;49;44m[48;2;111;57;55m▀[38;2;54;37;32m[48;2;97;39;59m▀[38;2;89;55;34m[48;2;96;60;45m▀[38;2;255;255;85m[48;2;74;69;15m▀[0m [0m
                                                               [0m [38;2;0;0;0m[48;2;101;35;49m▀[38;2;0;0;21m[48;2;144;75;52m▀[38;2;61;4;44m[48;2;183;116;52m▀[38;2;80;29;43m[48;2;209;145;47m▀[38;2;107;50;49m[48;2;178;120;41m▀[38;2;108;47;51m[48;2;105;44;46m▀[38;2;90;34;53m[48;2;80;33;49m▀[38;2;62;36;47m[48;2;54;32;44m▀[38;2;80;45;50m[48;2;109;77;33m▀[38;2;120;72;47m[48;2;120;40;57m▀[38;2;140;50;60m[48;2;113;37;62m▀[38;2;132;34;61m[48;2;79;49;57m▀[38;2;128;41;65m[48;2;122;39;58m▀[38;2;86;28;43m[48;2;97;33;51m▀[0m [0m
                                                               [38;2;45;9;29m[48;2;0;0;0m▀[38;2;103;56;36m[48;2;0;0;0m▀[38;2;204;149;41m[48;2;0;0;0m▀[38;2;245;182;44m[48;2;190;146;41m▀[38;2;234;173;42m[48;2;183;117;51m▀[38;2;137;71;54m[48;2;166;98;51m▀[38;2;134;80;43m[48;2;229;168;39m▀[38;2;78;39;46m[48;2;93;54;39m▀[38;2;59;31;50m[48;2;43;19;36m▀[38;2;64;42;35m[48;2;55;40;27m▀[38;2;119;42;55m[48;2;88;37;50m▀[38;2;141;46;63m[48;2;137;35;65m▀[38;2;131;61;67m[48;2;125;34;57m▀[38;2;114;36;56m[48;2;123;37;58m▀[38;2;108;37;47m[48;2;144;43;63m▀[38;2;60;16;22m[48;2;91;25;39m▀[0m
                                                               [38;2;56;18;28m[48;2;87;31;45m▀[38;2;0;0;0m[48;2;113;35;49m▀[0m [0m [38;2;98;45;41m[48;2;34;0;17m▀[38;2;200;144;39m[48;2;0;0;0m▀[38;2;188;134;40m[48;2;111;36;49m▀[38;2;124;40;49m[48;2;116;36;62m▀[38;2;132;38;54m[48;2;80;35;49m▀[38;2;97;27;51m[48;2;130;31;64m▀[38;2;88;50;45m[48;2;185;105;50m▀[38;2;107;52;44m[48;2;194;139;37m▀[38;2;106;29;51m[48;2;52;31;20m▀[38;2;114;33;54m[48;2;31;0;10m▀[38;2;92;28;47m[48;2;74;24;35m▀[38;2;58;13;26m[48;2;70;25;38m▀[0m
                                                               [38;2;42;35;28m[48;2;0;0;0m▀[38;2;115;44;52m[48;2;85;55;28m▀[38;2;128;34;52m[48;2;149;65;61m▀[38;2;107;33;33m[48;2;137;38;63m▀[38;2;81;40;40m[48;2;125;33;59m▀[38;2;52;24;43m[48;2;80;35;56m▀[38;2;99;30;50m[48;2;59;31;46m▀[38;2;85;31;46m[48;2;114;35;56m▀[38;2;102;32;57m[48;2;138;41;63m▀[38;2;135;42;60m[48;2;197;127;49m▀[38;2;215;148;45m[48;2;238;174;45m▀[38;2;226;164;44m[48;2;198;143;40m▀[38;2;92;50;50m[48;2;59;29;45m▀[38;2;105;30;56m[48;2;85;37;59m▀[38;2;82;34;50m[48;2;44;23;36m▀[38;2;49;20;29m[48;2;11;0;11m▀[0m
                                                               [0m [0m [38;2;103;69;29m[48;2;0;0;0m▀[38;2;124;67;49m[48;2;83;61;18m▀[38;2;125;57;61m[48;2;78;56;29m▀[38;2;66;35;46m[48;2;79;37;42m▀[38;2;120;39;61m[48;2;139;40;65m▀[38;2;140;36;67m[48;2;130;35;64m▀[38;2;149;74;47m[48;2;150;82;46m▀[38;2;201;141;41m[48;2;183;116;42m▀[38;2;247;179;49m[48;2;126;82;36m▀[38;2;153;104;37m[48;2;109;37;57m▀[38;2;0;0;0m[48;2;92;28;43m▀[0m [0m [0m [0m
                                                               [0m [0m [0m [38;2;45;0;35m[48;2;93;39;41m▀[38;2;66;27;51m[48;2;95;33;49m▀[38;2;83;37;59m[48;2;28;19;26m▀[38;2;147;44;70m[48;2;78;31;47m▀[38;2;98;29;48m[48;2;25;8;17m▀[38;2;103;65;24m[48;2;0;0;0m▀[38;2;76;46;25m[48;2;0;0;16m▀[38;2;56;28;48m[48;2;71;32;51m▀[38;2;77;35;58m[48;2;95;36;50m▀[38;2;50;11;30m[48;2;83;46;30m▀[0m [0m [0m [0m
                                                               [0m [0m [0m [38;2;37;27;16m[48;2;0;0;0m▀[38;2;0;7;0m[48;2;0;0;0m▀[0m [0m [0m [0m [0m [38;2;28;10;21m[48;2;0;0;0m▀[38;2;37;18;22m[48;2;0;0;0m▀[38;2;55;41;20m[48;2;0;0;0m▀[0m [0m [0m [0m[0m
[9F                                                               [0m [0m [0m [0m [0m [0m [0m [0m [0m [38;2;0;0;0m[48;2;40;18;22m▀[38;2;0;0;0m[48;2;49;29;23m▀[0m [0m [0m [0m [0m [0m
                                                               [0m [0m [0m [0m [0m [38;2;0;0;0m[48;2;31;7;35m▀[38;2;0;0;0m[48;2;46;20;37m▀[38;2;0;0;0m[48;2;43;26;33m▀[38;2;0;0;0m[48;2;38;17;21m▀[38;2;47;27;33m[48;2;82;44;31m▀[38;2;92;50;57m[48;2;165;123;43m▀[38;2;89;49;44m[48;2;111;57;55m▀[38;2;54;37;32m[48;2;97;39;59m▀[38;2;89;55;34m[48;2;96;60;45m▀[38;2;255;255;85m[48;2;74;69;15m▀[0m [0m
                                                               [0m [38;2;0;0;0m[48;2;101;35;49m▀[38;2;0;0;21m[48;2;144;75;52m▀[38;2;61;4;44m[48;2;183;116;52m▀[38;2;80;29;43m[48;2;209;145;47m▀[38;2;107;50;49m[48;2;178;120;41m▀[38;2;108;47;51m[48;2;105;44;46m▀[38;2;90;34;53m[48;2;80;33;49m▀[38;2;62;36;47m[48;2;54;32;44m▀[38;2;80;45;50m[48;2;109;77;33m▀[38;2;120;72;47m[48;2;120;40;57m▀[38;2;140;50;60m[48;2;113;37;62m▀[38;2;132;34;61m[48;2;79;49;57m▀[38;2;128;41;65m[48;2;122;39;58m▀[38;2;86;28;43m[48;2;97;33;51m▀[0m [0m
                                                               [38;2;45;9;29m[48;2;0;0;0m▀[38;2;103;56;36m[48;2;0;0;0m▀[38;2;204;149;41m[48;2;0;0;0m▀[38;2;245;182;44m[48;2;190;146;41m▀[38;2;234;173;42m[48;2;183;117;51m▀[38;2;137;71;54m[48;2;166;98;51m▀[38;2;134;80;43m[48;2;229;168;39m▀[38;2;78;39;46m[48;2;93;54;39m▀[38;2;59;31;50m[48;2;43;19;36m▀[38;2;64;42;35m[48;2;55;40;27m▀[38;2;119;42;55m[48;2;88;37;50m▀[38;2;141;46;63m[48;2;137;35;65m▀[38;2;131;61;67m[48;2;125;34;57m▀[38;2;114;36;56m[48;2;123;37;58m▀[38;2;108;37;47m[48;2;144;43;63m▀[38;2;60;16;22m[48;2;91;25;39m▀[0m
                                                               [38;2;56;18;28m[48;2;87;31;45m▀[38;2;0;0;0m[48;2;113;35;49m▀[0m [0m [38;2;98;45;41m[48;2;34;0;17m▀[38;2;200;144;39m[48;2;0;0;0m▀[38;2;188;134;40m[48;2;111;36;49m▀[38;2;124;40;49m[48;2;116;36;62m▀[38;2;132;38;54m[48;2;80;35;49m▀[38;2;97;27;51m[48;2;130;31;64m▀[38;2;88;50;45m[48;2;185;105;50m▀[38;2;107;52;44m[48;2;194;139;37m▀[38;2;106;29;51m[48;2;52;31;20m▀[38;2;114;33;54m[48;2;31;0;10m▀[38;2;92;28;47m[48;2;74;24;35m▀[38;2;58;13;26m[48;2;70;25;38m▀[0m
                                                               [38;2;42;35;28m[48;2;0;0;0m▀[38;2;115;44;52m[48;2;85;55;28m▀[38;2;128;34;52m[48;2;149;65;61m▀[38;2;107;33;33m[48;2;137;38;63m▀[38;2;81;40;40m[48;2;125;33;59m▀[38;2;52;24;43m[48;2;80;35;56m▀[38;2;99;30;50m[48;2;59;31;46m▀[38;2;85;31;46m[48;2;114;35;56m▀[38;2;102;32;57m[48;2;138;41;63m▀[38;2;135;42;60m[48;2;197;127;49m▀[38;2;215;148;45m[48;2;238;174;45m▀[38;2;226;164;44m[48;2;198;143;40m▀[38;2;92;50;50m[48;2;59;29;45m▀[38;2;105;30;56m[48;2;85;37;59m▀[38;2;82;34;50m[48;2;44;23;36m▀[38;2;49;20;29m[48;2;11;0;11m▀[0m
                                                               [0m [0m [38;2;103;69;29m[48;2;0;0;0m▀[38;2;124;67;49m[48;2;83;61;18m▀[38;2;125;57;61m[48;2;78;56;29m▀[38;2;66;35;46m[48;2;79;37;42m▀[38;2;120;39;61m[48;2;139;40;65m▀[38;2;140;36;67m[48;2;130;35;64m▀[38;2;149;74;47m[48;2;150;82;46m▀[38;2;201;141;41m[48;2;183;116;42m▀[38;2;247;179;49m[48;2;126;82;36m▀[38;2;153;104;37m[48;2;109;37;57m▀[38;2;0;0;0m[48;2;92;28;43m▀[0m [0m [0m [0m
                                                               [0m [0m [0m [38;2;45;0;35m[48;2;93;39;41m▀[38;2;66;27;51m[48;2;95;33;49m▀[38;2;83;37;59m[48;2;28;19;26m▀[38;2;147;44;70m[48;2;78;31;47m▀[38;2;98;29;48m[48;2;25;8;17m▀[38;2;103;65;24m[48;2;0;0;0m▀[38;2;76;46;25m[48;2;0;0;16m▀[38;2;56;28;48m[48;2;71;32;51m▀[38;2;77;35;58m[48;2;95;36;50m▀[38;2;50;11;30m[48;2;83;46;30m▀[0m [0m [0m [0m
                                                               [0m [0m [0m [38;2;37;27;16m[48;2;0;0;0m▀[38;2;0;7;0m[48;2;0;0;0m▀[0m [0m [0m [0m [0m [38;2;28;10;21m[48;2;0;0;0m▀[38;2;37;18;22m[48;2;0;0;0m▀[38;2;55;41;20m[48;2;0;0;0m▀[0m [0m [0m [0m[0m
[9F                                                               [0m [0m [0m [0m [0m [0m [0m [0m [0m [38;2;0;0;0m[48;2;40;18;22m▀[38;2;0;0;0m[48;2;49;29;23m▀[0m [0m [0m [0m [0m [0m
                                                               [0m [0m [0m [0m [0m [38;2;0;0;0m[48;2;31;7;35m▀[38;2;0;0;0m[48;2;46;20;37m▀[38;2;0;0;0m[48;2;43;26;33m▀[38;2;0;0;0m[48;2;38;17;21m▀[38;2;47;27;33m[48;2;82;44;31m▀[38;2;92;50;57m[48;2;165;123;43m▀[38;2;89;49;44m[48;2;111;57;55m▀[38;2;54;37;32m[48;2;97;39;59m▀[38;2;89;55;34m[48;2;96;60;45m▀[38;2;255;255;85m[48;2;74;69;15m▀[0m [0m
                                                               [0m [38;2;0;0;0m[48;2;101;35;49m▀[38;2;0;0;21m[48;2;144;75;52m▀[38;2;61;4;44m[48;2;183;116;52m▀[38;2;80;29;43m[48;2;209;145;47m▀[38;2;107;50;49m[48;2;178;120;41m▀[38;2;108;47;51m[48;2;105;44;46m▀[38;2;90;34;53m[48;2;80;33;49m▀[38;2;62;36;47m[48;2;54;32;44m▀[38;2;80;45;50m[48;2;109;77;33m▀[38;2;120;72;47m[48;2;120;40;57m▀[38;2;140;50;60m[48;2;113;37;62m▀[38;2;132;34;61m[48;2;79;49;57m▀[38;2;128;41;65m[48;2;122;39;58m▀[38;2;86;28;43m[48;2;97;33;51m▀[0m [0m
                                                               [38;2;45;9;29m[48;2;0;0;0m▀[38;2;103;56;36m[48;2;0;0;0m▀[38;2;204;149;41m[48;2;0;0;0m▀[38;2;245;182;44m[48;2;190;146;41m▀[38;2;234;173;42m[48;2;183;117;51m▀[38;2;137;71;54m[48;2;166;98;51m▀[38;2;134;80;43m[48;2;229;168;39m▀[38;2;78;39;46m[48;2;93;54;39m▀[38;2;59;31;50m[48;2;43;19;36m▀[38;2;64;42;35m[48;2;55;40;27m▀[38;2;119;42;55m[48;2;88;37;50m▀[38;2;141;46;63m[48;2;137;35;65m▀[38;2;131;61;67m[48;2;125;34;57m▀[38;2;114;36;56m[48;2;123;37;58m▀[38;2;108;37;47m[48;2;144;43;63m▀[38;2;60;16;22m[48;2;91;25;39m▀[0m
                                                               [38;2;56;18;28m[48;2;87;31;45m▀[38;2;0;0;0m[48;2;113;35;49m▀[0m [0m [38;2;98;45;41m[48;2;34;0;17m▀[38;2;200;144;39m[48;2;0;0;0m▀[38;2;188;134;40m[48;2;111;36;49m▀[38;2;124;40;49m[48;2;116;36;62m▀[38;2;132;38;54m[48;2;80;35;49m▀[38;2;97;27;51m[48;2;130;31;64m▀[38;2;88;50;45m[48;2;185;105;50m▀[38;2;107;52;44m[48;2;194;139;37m▀[38;2;106;29;51m[48;2;52;31;20m▀[38;2;114;33;54m[48;2;31;0;10m▀[38;2;92;28;47m[48;2;74;24;35m▀[38;2;58;13;26m[48;2;70;25;38m▀[0m
                                                               [38;2;42;35;28m[48;2;0;0;0m▀[38;2;115;44;52m[48;2;85;55;28m▀[38;2;128;34;52m[48;2;149;65;61m▀[38;2;107;33;33m[48;2;137;38;63m▀[38;2;81;40;40m[48;2;125;33;59m▀[38;2;52;24;43m[48;2;80;35;56m▀[38;2;99;30;50m[48;2;59;31;46m▀[38;2;85;31;46m[48;2;114;35;56m▀[38;2;102;32;57m[48;2;138;41;63m▀[38;2;135;42;60m[48;2;197;127;49m▀[38;2;215;148;45m[48;2;238;174;45m▀[38;2;226;164;44m[48;2;198;143;40m▀[38;2;92;50;50m[48;2;59;29;45m▀[38;2;105;30;56m[48;2;85;37;59m▀[38;2;82;34;50m[48;2;44;23;36m▀[38;2;49;20;29m[48;2;11;0;11m▀[0m
                                                               [0m [0m [38;2;103;69;29m[48;2;0;0;0m▀[38;2;124;67;49m[48;2;83;61;18m▀[38;2;125;57;61m[48;2;78;56;29m▀[38;2;66;35;46m[48;2;79;37;42m▀[38;2;120;39;61m[48;2;139;40;65m▀[38;2;140;36;67m[48;2;130;35;64m▀[38;2;149;74;47m[48;2;150;82;46m▀[38;2;201;141;41m[48;2;183;116;42m▀[38;2;247;179;49m[48;2;126;82;36m▀[38;2;153;104;37m[48;2;109;37;57m▀[38;2;0;0;0m[48;2;92;28;43m▀[0m [0m [0m [0m
                                                               [0m [0m [0m [38;2;45;0;35m[48;2;93;39;41m▀[38;2;66;27;51m[48;2;95;33;49m▀[38;2;83;37;59m[48;2;28;19;26m▀[38;2;147;44;70m[48;2;78;31;47m▀[38;2;98;29;48m[48;2;25;8;17m▀[38;2;103;65;24m[48;2;0;0;0m▀[38;2;76;46;25m[48;2;0;0;16m▀[38;2;56;28;48m[48;2;71;32;51m▀[38;2;77;35;58m[48;2;95;36;50m▀[38;2;50;11;30m[48;2;83;46;30m▀[0m [0m [0m [0m
                                                               [0m [0m [0m [38;2;37;27;16m[48;2;0;0;0m▀[38;2;0;7;0m[48;2;0;0;0m▀[0m [0m [0m [0m [0m [38;2;28;10;21m[48;2;0;0;0m▀[38;2;37;18;22m[48;2;0;0;0m▀[38;2;55;41;20m[48;2;0;0;0m▀[0m [0m [0m [0m[0m
[9F                                                               [0m [0m [0m [0m [0m [0m [0m [0m [0m [38;2;0;0;0m[48;2;40;18;22m▀[38;2;0;0;0m[48;2;49;29;23m▀[0m [0m [0m [0m [0m [0m
                                                               [0m [0m [0m [0m [0m [38;2;0;0;0m[48;2;31;7;35m▀[38;2;0;0;0m[48;2;46;20;37m▀[38;2;0;0;0m[48;2;43;26;33m▀[38;2;0;0;0m[48;2;38;17;21m▀[38;2;47;27;33m[48;2;82;44;31m▀[38;2;92;50;57m[48;2;165;123;43m▀[38;2;89;49;44m[48;2;111;57;55m▀[38;2;54;37;32m[48;2;97;39;59m▀[38;2;89;55;34m[48;2;96;60;45m▀[38;2;255;255;85m[48;2;74;69;15m▀[0m [0m
                                                               [0m [38;2;0;0;0m[48;2;101;35;49m▀[38;2;0;0;21m[48;2;144;75;52m▀[38;2;61;4;44m[48;2;183;116;52m▀[38;2;80;29;43m[48;2;209;145;47m▀[38;2;107;50;49m[48;2;178;120;41m▀[38;2;108;47;51m[48;2;105;44;46m▀[38;2;90;34;53m[48;2;80;33;49m▀[38;2;62;36;47m[48;2;54;32;44m▀[38;2;80;45;50m[48;2;109;77;33m▀[38;2;120;72;47m[48;2;120;40;57m▀[38;2;140;50;60m[48;2;113;37;62m▀[38;2;132;34;61m[48;2;79;49;57m▀[38;2;128;41;65m[48;2;122;39;58m▀[38;2;86;28;43m[48;2;97;33;51m▀[0m [0m
                                                               [38;2;45;9;29m[48;2;0;0;0m▀[38;2;103;56;36m[48;2;0;0;0m▀[38;2;204;149;41m[48;2;0;0;0m▀[38;2;245;182;44m[48;2;190;146;41m▀[38;2;234;173;42m[48;2;183;117;51m▀[38;2;137;71;54m[48;2;166;98;51m▀[38;2;134;80;43m[48;2;229;168;39m▀[38;2;78;39;46m[48;2;93;54;39m▀[38;2;59;31;50m[48;2;43;19;36m▀[38;2;64;42;35m[48;2;55;40;27m▀[38;2;119;42;55m[48;2;88;37;50m▀[38;2;141;46;63m[48;2;137;35;65m▀[38;2;131;61;67m[48;2;125;34;57m▀[38;2;114;36;56m[48;2;123;37;58m▀[38;2;108;37;47m[48;2;144;43;63m▀[38;2;60;16;22m[48;2;91;25;39m▀[0m
                                                               [38;2;56;18;28m[48;2;87;31;45m▀[38;2;0;0;0m[48;2;113;35;49m▀[0m [0m [38;2;98;45;41m[48;2;34;0;17m▀[38;2;200;144;39m[48;2;0;0;0m▀[38;2;188;134;40m[48;2;111;36;49m▀[38;2;124;40;49m[48;2;116;36;62m▀[38;2;132;38;54m[48;2;80;35;49m▀[38;2;97;27;51m[48;2;130;31;64m▀[38;2;88;50;45m[48;2;185;105;50m▀[38;2;107;52;44m[48;2;194;139;37m▀[38;2;106;29;51m[48;2;52;31;20m▀[38;2;114;33;54m[48;2;31;0;10m▀[38;2;92;28;47m[48;2;74;24;35m▀[38;2;58;13;26m[48;2;70;25;38m▀[0m
                                                               [38;2;42;35;28m[48;2;0;0;0m▀[38;2;115;44;52m[48;2;85;55;28m▀[38;2;128;34;52m[48;2;149;65;61m▀[38;2;107;33;33m[48;2;137;38;63m▀[38;2;81;40;40m[48;2;125;33;59m▀[38;2;52;24;43m[48;2;80;35;56m▀[38;2;99;30;50m[48;2;59;31;46m▀[38;2;85;31;46m[48;2;114;35;56m▀[38;2;102;32;57m[48;2;138;41;63m▀[38;2;135;42;60m[48;2;197;127;49m▀[38;2;215;148;45m[48;2;238;174;45m▀[38;2;226;164;44m[48;2;198;143;40m▀[38;2;92;50;50m[48;2;59;29;45m▀[38;2;105;30;56m[48;2;85;37;59m▀[38;2;82;34;50m[48;2;44;23;36m▀[38;2;49;20;29m[48;2;11;0;11m▀[0m
                                                               [0m [0m [38;2;103;69;29m[48;2;0;0;0m▀[38;2;124;67;49m[48;2;83;61;18m▀[38;2;125;57;61m[48;2;78;56;29m▀[38;2;66;35;46m[48;2;79;37;42m▀[38;2;120;39;61m[48;2;139;40;65m▀[38;2;140;36;67m[48;2;130;35;64m▀[38;2;149;74;47m[48;2;150;82;46m▀[38;2;201;141;41m[48;2;183;116;42m▀[38;2;247;179;49m[48;2;126;82;36m▀[38;2;153;104;37m[48;2;109;37;57m▀[38;2;0;0;0m[48;2;92;28;43m▀[0m [0m [0m [0m
                                                               [0m [0m [0m [38;2;45;0;35m[48;2;93;39;41m▀[38;2;66;27;51m[48;2;95;33;49m▀[38;2;83;37;59m[48;2;28;19;26m▀[38;2;147;44;70m[48;2;78;31;47m▀[38;2;98;29;48m[48;2;25;8;17m▀[38;2;103;65;24m[48;2;0;0;0m▀[38;2;76;46;25m[48;2;0;0;16m▀[38;2;56;28;48m[48;2;71;32;51m▀[38;2;77;35;58m[48;2;95;36;50m▀[38;2;50;11;30m[48;2;83;46;30m▀[0m [0m [0m [0m
                                                               [0m [0m [0m [38;2;37;27;16m[48;2;0;0;0m▀[38;2;0;7;0m[48;2;0;0;0m▀[0m [0m [0m [0m [0m [38;2;28;10;21m[48;2;0;0;0m▀[38;2;37;18;22m[48;2;0;0;0m▀[38;2;55;41;20m[48;2;0;0;0m▀[0m [0m [0m [0m[0m
[9F                                                               [0m [0m [0m [0m [0m [0m [0m [0m [0m [38;2;0;0;0m[48;2;40;18;22m▀[38;2;0;0;0m[48;2;49;29;23m▀[0m [0m [0m [0m [0m [0m
                                                               [0m [0m [0m [0m [0m [38;2;0;0;0m[48;2;31;7;35m▀[38;2;0;0;0m[48;2;46;20;37m▀[38;2;0;0;0m[48;2;43;26;33m▀[38;2;0;0;0m[48;2;38;17;21m▀[38;2;47;27;33m[48;2;82;44;31m▀[38;2;92;50;57m[48;2;165;123;43m▀[38;2;89;49;44m[48;2;111;57;55m▀[38;2;54;37;32m[48;2;97;39;59m▀[38;2;89;55;34m[48;2;96;60;45m▀[38;2;255;255;85m[48;2;74;69;15m▀[0m [0m
                                                               [0m [38;2;0;0;0m[48;2;101;35;49m▀[38;2;0;0;21m[48;2;144;75;52m▀[38;2;61;4;44m[48;2;183;116;52m▀[38;2;80;29;43m[48;2;209;145;47m▀[38;2;107;50;49m[48;2;178;120;41m▀[38;2;108;47;51m[48;2;105;44;46m▀[38;2;90;34;53m[48;2;80;33;49m▀[38;2;62;36;47m[48;2;54;32;44m▀[38;2;80;45;50m[48;2;109;77;33m▀[38;2;120;72;47m[48;2;120;40;57m▀[38;2;140;50;60m[48;2;113;37;62m▀[38;2;132;34;61m[48;2;79;49;57m▀[38;2;128;41;65m[48;2;122;39;58m▀[38;2;86;28;43m[48;2;97;33;51m▀[0m [0m
                                                               [38;2;45;9;29m[48;2;0;0;0m▀[38;2;103;56;36m[48;2;0;0;0m▀[38;2;204;149;41m[48;2;0;0;0m▀[38;2;245;182;44m[48;2;190;146;41m▀[38;2;234;173;42m[48;2;183;117;51m▀[38;2;137;71;54m[48;2;166;98;51m▀[38;2;134;80;43m[48;2;229;168;39m▀[38;2;78;39;46m[48;2;93;54;39m▀[38;2;59;31;50m[48;2;43;19;36m▀[38;2;64;42;35m[48;2;55;40;27m▀[38;2;119;42;55m[48;2;88;37;50m▀[38;2;141;46;63m[48;2;137;35;65m▀[38;2;131;61;67m[48;2;125;34;57m▀[38;2;114;36;56m[48;2;123;37;58m▀[38;2;108;37;47m[48;2;144;43;63m▀[38;2;60;16;22m[48;2;91;25;39m▀[0m
                                                               [38;2;56;18;28m[48;2;87;31;45m▀[38;2;0;0;0m[48;2;113;35;49m▀[0m [0m [38;2;98;45;41m[48;2;34;0;17m▀[38;2;200;144;39m[48;2;0;0;0m▀[38;2;188;134;40m[48;2;111;36;49m▀[38;2;124;40;49m[48;2;116;36;62m▀[38;2;132;38;54m[48;2;80;35;49m▀[38;2;97;27;51m[48;2;130;31;64m▀[38;2;88;50;45m[48;2;185;105;50m▀[38;2;107;52;44m[48;2;194;139;37m▀[38;2;106;29;51m[48;2;52;31;20m▀[38;2;114;33;54m[48;2;31;0;10m▀[38;2;92;28;47m[48;2;74;24;35m▀[38;2;58;13;26m[48;2;70;25;38m▀[0m
                                                               [38;2;42;35;28m[48;2;0;0;0m▀[38;2;115;44;52m[48;2;85;55;28m▀[38;2;128;34;52m[48;2;149;65;61m▀[38;2;107;33;33m[48;2;137;38;63m▀[38;2;81;40;40m[48;2;125;33;59m▀[38;2;52;24;43m[48;2;80;35;56m▀[38;2;99;30;50m[48;2;59;31;46m▀[38;2;85;31;46m[48;2;114;35;56m▀[38;2;102;32;57m[48;2;138;41;63m▀[38;2;135;42;60m[48;2;197;127;49m▀[38;2;215;148;45m[48;2;238;174;45m▀[38;2;226;164;44m[48;2;198;143;40m▀[38;2;92;50;50m[48;2;59;29;45m▀[38;2;105;30;56m[48;2;85;37;59m▀[38;2;82;34;50m[48;2;44;23;36m▀[38;2;49;20;29m[48;2;11;0;11m▀[0m
                                                               [0m [0m [38;2;103;69;29m[48;2;0;0;0m▀[38;2;124;67;49m[48;2;83;61;18m▀[38;2;125;57;61m[48;2;78;56;29m▀[38;2;66;35;46m[48;2;79;37;42m▀[38;2;120;39;61m[48;2;139;40;65m▀[38;2;140;36;67m[48;2;130;35;64m▀[38;2;149;74;47m[48;2;150;82;46m▀[38;2;201;141;41m[48;2;183;116;42m▀[38;2;247;179;49m[48;2;126;82;36m▀[38;2;153;104;37m[48;2;109;37;57m▀[38;2;0;0;0m[48;2;92;28;43m▀[0m [0m [0m [0m
                                                               [0m [0m [0m [38;2;45;0;35m[48;2;93;39;41m▀[38;2;66;27;51m[48;2;95;33;49m▀[38;2;83;37;59m[48;2;28;19;26m▀[38;2;147;44;70m[48;2;78;31;47m▀[38;2;98;29;48m[48;2;25;8;17m▀[38;2;103;65;24m[48;2;0;0;0m▀[38;2;76;46;25m[48;2;0;0;16m▀[38;2;56;28;48m[48;2;71;32;51m▀[38;2;77;35;58m[48;2;95;36;50m▀[38;2;50;11;30m[48;2;83;46;30m▀[0m [0m [0m [0m
                                                               [0m [0m [0m [38;2;37;27;16m[48;2;0;0;0m▀[38;2;0;7;0m[48;2;0;0;0m▀[0m [0m [0m [0m [0m [38;2;28;10;21m[48;2;0;0;0m▀[38;2;37;18;22m[48;2;0;0;0m▀[38;2;55;41;20m[48;2;0;0;0m▀[0m [0m [0m [0m[0m
[9F                                                               [0m [0m [0m [0m [0m [0m [0m [0m [0m [38;2;0;0;0m[48;2;40;18;22m▀[38;2;0;0;0m[48;2;49;29;23m▀[0m [0m [0m [0m [0m [0m
                                                               [0m [0m [0m [0m [0m [38;2;0;0;0m[48;2;31;7;35m▀[38;2;0;0;0m[48;2;46;20;37m▀[38;2;0;0;0m[48;2;43;26;33m▀[38;2;0;0;0m[48;2;38;17;21m▀[38;2;47;27;33m[48;2;82;44;31m▀[38;2;92;50;57m[48;2;165;123;43m▀[38;2;89;49;44m[48;2;111;57;55m▀[38;2;54;37;32m[48;2;97;39;59m▀[38;2;89;55;34m[48;2;96;60;45m▀[38;2;255;255;85m[48;2;74;69;15m▀[0m [0m
                                                               [0m [38;2;0;0;0m[48;2;101;35;49m▀[38;2;0;0;21m[48;2;144;75;52m▀[38;2;61;4;44m[48;2;183;116;52m▀[38;2;80;29;43m[48;2;209;145;47m▀[38;2;107;50;49m[48;2;178;120;41m▀[38;2;108;47;51m[48;2;105;44;46m▀[38;2;90;34;53m[48;2;80;33;49m▀[38;2;62;36;47m[48;2;54;32;44m▀[38;2;80;45;50m[48;2;109;77;33m▀[38;2;120;72;47m[48;2;120;40;57m▀[38;2;140;50;60m[48;2;113;37;62m▀[38;2;132;34;61m[48;2;79;49;57m▀[38;2;128;41;65m[48;2;122;39;58m▀[38;2;86;28;43m[48;2;97;33;51m▀[0m [0m
                                                               [38;2;45;9;29m[48;2;0;0;0m▀[38;2;103;56;36m[48;2;0;0;0m▀[38;2;204;149;41m[48;2;0;0;0m▀[38;2;245;182;44m[48;2;190;146;41m▀[38;2;234;173;42m[48;2;183;117;51m▀[38;2;137;71;54m[48;2;166;98;51m▀[38;2;134;80;43m[48;2;229;168;39m▀[38;2;78;39;46m[48;2;93;54;39m▀[38;2;59;31;50m[48;2;43;19;36m▀[38;2;64;42;35m[48;2;55;40;27m▀[38;2;119;42;55m[48;2;88;37;50m▀[38;2;141;46;63m[48;2;137;35;65m▀[38;2;131;61;67m[48;2;125;34;57m▀[38;2;114;36;56m[48;2;123;37;58m▀[38;2;108;37;47m[48;2;144;43;63m▀[38;2;60;16;22m[48;2;91;25;39m▀[0m
                                                               [38;2;56;18;28m[48;2;87;31;45m▀[38;2;0;0;0m[48;2;113;35;49m▀[0m [0m [38;2;98;45;41m[48;2;34;0;17m▀[38;2;200;144;39m[48;2;0;0;0m▀[38;2;188;134;40m[48;2;111;36;49m▀[38;2;124;40;49m[48;2;116;36;62m▀[38;2;132;38;54m[48;2;80;35;49m▀[38;2;97;27;51m[48;2;130;31;64m▀[38;2;88;50;45m[48;2;185;105;50m▀[38;2;107;52;44m[48;2;194;139;37m▀[38;2;106;29;51m[48;2;52;31;20m▀[38;2;114;33;54m[48;2;31;0;10m▀[38;2;92;28;47m[48;2;74;24;35m▀[38;2;58;13;26m[48;2;70;25;38m▀[0m
                                                               [38;2;42;35;28m[48;2;0;0;0m▀[38;2;115;44;52m[48;2;85;55;28m▀[38;2;128;34;52m[48;2;149;65;61m▀[38;2;107;33;33m[48;2;137;38;63m▀[38;2;81;40;40m[48;2;125;33;59m▀[38;2;52;24;43m[48;2;80;35;56m▀[38;2;99;30;50m[48;2;59;31;46m▀[38;2;85;31;46m[48;2;114;35;56m▀[38;2;102;32;57m[48;2;138;41;63m▀[38;2;135;42;60m[48;2;197;127;49m▀[38;2;215;148;45m[48;2;238;174;45m▀[38;2;226;164;44m[48;2;198;143;40m▀[38;2;92;50;50m[48;2;59;29;45m▀[38;2;105;30;56m[48;2;85;37;59m▀[38;2;82;34;50m[48;2;44;23;36m▀[38;2;49;20;29m[48;2;11;0;11m▀[0m
                                                               [0m [0m [38;2;103;69;29m[48;2;0;0;0m▀[38;2;124;67;49m[48;2;83;61;18m▀[38;2;125;57;61m[48;2;78;56;29m▀[38;2;66;35;46m[48;2;79;37;42m▀[38;2;120;39;61m[48;2;139;40;65m▀[38;2;140;36;67m[48;2;130;35;64m▀[38;2;149;74;47m[48;2;150;82;46m▀[38;2;201;141;41m[48;2;183;116;42m▀[38;2;247;179;49m[48;2;126;82;36m▀[38;2;153;104;37m[48;2;109;37;57m▀[38;2;0;0;0m[48;2;92;28;43m▀[0m [0m [0m [0m
                                                               [0m [0m [0m [38;2;45;0;35m[48;2;93;39;41m▀[38;2;66;27;51m[48;2;95;33;49m▀[38;2;83;37;59m[48;2;28;19;26m▀[38;2;147;44;70m[48;2;78;31;47m▀[38;2;98;29;48m[48;2;25;8;17m▀[38;2;103;65;24m[48;2;0;0;0m▀[38;2;76;46;25m[48;2;0;0;16m▀[38;2;56;28;48m[48;2;71;32;51m▀[38;2;77;35;58m[48;2;95;36;50m▀[38;2;50;11;30m[48;2;83;46;30m▀[0m [0m [0m [0m
                                                               [0m [0m [0m [38;2;37;27;16m[48;2;0;0;0m▀[38;2;0;7;0m[48;2;0;0;0m▀[0m [0m [0m [0m [0m [38;2;28;10;21m[48;2;0;0;0m▀[38;2;37;18;22m[48;2;0;0;0m▀[38;2;55;41;20m[48;2;0;0;0m▀[0m [0m [0m [0m[0m
[?25h[0m

Script terminado en 2026-08-17 20:50:08+01:00 [CÓDIGO_SALIDA_ORDEN="0"]
