Script iniciado en 2026-08-17 20:50:09+01:00 [COMMAND="HERMES_HOME=/home/chegusan/.hermes-jorgito-test hermes pets show jorgito --state waving --once --mode unicode" <no ejecutado en terminal>]
[?25lJorgito — mode=unicode  (Ctrl+C to stop)
                                                               [0m [0m [0m [0m [38;2;0;0;0m[48;2;144;103;33m▀[38;2;0;0;0m[48;2;85;47;36m▀[38;2;0;0;0m[48;2;67;36;39m▀[38;2;77;40;23m[48;2;108;51;53m▀[38;2;86;40;44m[48;2;96;53;50m▀[38;2;57;26;35m[48;2;0;9;0m▀[0m [0m [0m [0m [0m [0m [0m
                                                               [0m [0m [0m [38;2;0;18;0m[48;2;73;31;39m▀[38;2;100;59;27m[48;2;126;36;62m▀[38;2;119;51;58m[48;2;140;36;64m▀[38;2;128;33;64m[48;2;128;42;65m▀[38;2;140;74;55m[48;2;141;46;60m▀[38;2;154;115;34m[48;2;102;49;48m▀[38;2;64;18;40m[48;2;80;43;45m▀[38;2;63;31;44m[48;2;19;19;39m▀[0m [0m [0m [0m [0m [0m
                                                               [0m [38;2;0;0;0m[48;2;57;21;26m▀[38;2;0;0;0m[48;2;45;16;22m▀[38;2;46;20;30m[48;2;85;28;36m▀[38;2;118;39;58m[48;2;149;46;56m▀[38;2;135;37;60m[48;2;135;38;59m▀[38;2;85;35;50m[48;2;134;37;53m▀[38;2;109;28;58m[48;2;147;38;59m▀[38;2;141;63;54m[48;2;125;54;58m▀[38;2;89;65;34m[48;2;41;32;27m▀[38;2;55;16;31m[48;2;80;22;41m▀[38;2;86;21;38m[48;2;111;46;55m▀[38;2;0;0;0m[48;2;107;30;45m▀[0m [0m [0m [0m
                                                               [38;2;48;19;24m[48;2;14;14;14m▀[38;2;116;40;56m[48;2;89;26;48m▀[38;2;97;33;47m[48;2;141;34;66m▀[38;2;89;30;45m[48;2;100;31;46m▀[38;2;121;34;53m[48;2;75;25;36m▀[38;2;98;31;44m[48;2;99;27;44m▀[38;2;124;32;55m[48;2;106;36;45m▀[38;2;137;36;63m[48;2;71;34;46m▀[38;2;73;37;33m[48;2;19;11;22m▀[38;2;99;77;0m[48;2;54;20;50m▀[38;2;70;21;46m[48;2;110;65;42m▀[38;2;118;62;46m[48;2;127;59;49m▀[38;2;153;86;50m[48;2;221;158;48m▀[38;2;96;26;46m[48;2;174;105;50m▀[38;2;95;0;31m[48;2;47;0;32m▀[0m [0m
                                                               [0m [38;2;105;53;40m[48;2;117;65;36m▀[38;2;131;67;55m[48;2;156;102;39m▀[38;2;108;25;64m[48;2;88;51;46m▀[38;2;77;41;38m[48;2;151;104;40m▀[38;2;150;97;31m[48;2;254;190;44m▀[38;2;163;105;41m[48;2;199;113;50m▀[38;2;129;39;58m[48;2;119;25;57m▀[38;2;128;36;56m[48;2;142;41;60m▀[38;2;51;20;42m[48;2;116;33;49m▀[38;2;161;114;36m[48;2;210;153;40m▀[38;2;174;105;46m[48;2;228;156;51m▀[38;2;185;119;47m[48;2;153;92;52m▀[38;2;255;202;53m[48;2;202;173;39m▀[38;2;116;56;42m[48;2;117;66;38m▀[38;2;0;0;0m[48;2;57;12;28m▀[0m
                                                               [0m [38;2;0;0;0m[48;2;2;2;0m▀[38;2;34;3;27m[48;2;0;0;0m▀[38;2;105;68;27m[48;2;67;53;20m▀[38;2;210;147;41m[48;2;222;159;45m▀[38;2;239;175;44m[48;2;234;167;44m▀[38;2;192;110;47m[48;2;228;158;48m▀[38;2;124;27;60m[48;2;150;48;61m▀[38;2;93;31;46m[48;2;95;26;46m▀[38;2;143;37;63m[48;2;150;41;66m▀[38;2;121;71;37m[48;2;70;10;37m▀[38;2;148;106;35m[48;2;60;0;30m▀[38;2;74;32;36m[48;2;122;33;55m▀[38;2;63;0;37m[48;2;88;30;46m▀[38;2;16;0;11m[48;2;0;127;0m▀[0m [0m
                                                               [0m [0m [0m [38;2;51;24;32m[48;2;98;23;49m▀[38;2;202;142;42m[48;2;119;63;40m▀[38;2;243;176;46m[48;2;183;115;34m▀[38;2;209;147;39m[48;2;174;109;35m▀[38;2;138;64;46m[48;2;127;47;47m▀[38;2;95;25;48m[48;2;145;35;64m▀[38;2;87;30;44m[48;2;91;27;42m▀[38;2;81;27;45m[48;2;79;39;49m▀[38;2;134;35;63m[48;2;116;62;50m▀[38;2;111;40;58m[48;2;67;40;24m▀[38;2;12;12;21m[48;2;0;0;0m▀[0m [0m [0m
                                                               [0m [0m [0m [38;2;110;30;48m[48;2;0;0;15m▀[38;2;102;35;62m[48;2;52;22;33m▀[38;2;83;48;35m[48;2;59;23;47m▀[38;2;148;93;30m[48;2;51;23;37m▀[38;2;109;51;41m[48;2;39;24;18m▀[38;2;145;37;68m[48;2;66;29;46m▀[38;2;105;35;58m[48;2;80;32;51m▀[38;2;88;55;29m[48;2;80;19;38m▀[38;2;119;73;22m[48;2;0;0;0m▀[0m [0m [0m [0m [0m
                                                               [0m [0m [0m [0m [0m [38;2;100;41;44m[48;2;69;50;19m▀[38;2;81;35;41m[48;2;58;35;13m▀[0m [38;2;0;5;10m[48;2;38;12;12m▀[38;2;125;40;59m[48;2;84;46;35m▀[38;2;106;31;42m[48;2;55;33;22m▀[0m [0m [0m [0m [0m [0m[0m
[9F                                                               [0m [0m [0m [0m [38;2;0;0;0m[48;2;144;103;33m▀[38;2;0;0;0m[48;2;85;47;36m▀[38;2;0;0;0m[48;2;67;36;39m▀[38;2;77;40;23m[48;2;108;51;53m▀[38;2;86;40;44m[48;2;96;53;50m▀[38;2;57;26;35m[48;2;0;9;0m▀[0m [0m [0m [0m [0m [0m [0m
                                                               [0m [0m [0m [38;2;0;18;0m[48;2;73;31;39m▀[38;2;100;59;27m[48;2;126;36;62m▀[38;2;119;51;58m[48;2;140;36;64m▀[38;2;128;33;64m[48;2;128;42;65m▀[38;2;140;74;55m[48;2;141;46;60m▀[38;2;154;115;34m[48;2;102;49;48m▀[38;2;64;18;40m[48;2;80;43;45m▀[38;2;63;31;44m[48;2;19;19;39m▀[0m [0m [0m [0m [0m [0m
                                                               [0m [38;2;0;0;0m[48;2;57;21;26m▀[38;2;0;0;0m[48;2;45;16;22m▀[38;2;46;20;30m[48;2;85;28;36m▀[38;2;118;39;58m[48;2;149;46;56m▀[38;2;135;37;60m[48;2;135;38;59m▀[38;2;85;35;50m[48;2;134;37;53m▀[38;2;109;28;58m[48;2;147;38;59m▀[38;2;141;63;54m[48;2;125;54;58m▀[38;2;89;65;34m[48;2;41;32;27m▀[38;2;55;16;31m[48;2;80;22;41m▀[38;2;86;21;38m[48;2;111;46;55m▀[38;2;0;0;0m[48;2;107;30;45m▀[0m [0m [0m [0m
                                                               [38;2;48;19;24m[48;2;14;14;14m▀[38;2;116;40;56m[48;2;89;26;48m▀[38;2;97;33;47m[48;2;141;34;66m▀[38;2;89;30;45m[48;2;100;31;46m▀[38;2;121;34;53m[48;2;75;25;36m▀[38;2;98;31;44m[48;2;99;27;44m▀[38;2;124;32;55m[48;2;106;36;45m▀[38;2;137;36;63m[48;2;71;34;46m▀[38;2;73;37;33m[48;2;19;11;22m▀[38;2;99;77;0m[48;2;54;20;50m▀[38;2;70;21;46m[48;2;110;65;42m▀[38;2;118;62;46m[48;2;127;59;49m▀[38;2;153;86;50m[48;2;221;158;48m▀[38;2;96;26;46m[48;2;174;105;50m▀[38;2;95;0;31m[48;2;47;0;32m▀[0m [0m
                                                               [0m [38;2;105;53;40m[48;2;117;65;36m▀[38;2;131;67;55m[48;2;156;102;39m▀[38;2;108;25;64m[48;2;88;51;46m▀[38;2;77;41;38m[48;2;151;104;40m▀[38;2;150;97;31m[48;2;254;190;44m▀[38;2;163;105;41m[48;2;199;113;50m▀[38;2;129;39;58m[48;2;119;25;57m▀[38;2;128;36;56m[48;2;142;41;60m▀[38;2;51;20;42m[48;2;116;33;49m▀[38;2;161;114;36m[48;2;210;153;40m▀[38;2;174;105;46m[48;2;228;156;51m▀[38;2;185;119;47m[48;2;153;92;52m▀[38;2;255;202;53m[48;2;202;173;39m▀[38;2;116;56;42m[48;2;117;66;38m▀[38;2;0;0;0m[48;2;57;12;28m▀[0m
                                                               [0m [38;2;0;0;0m[48;2;2;2;0m▀[38;2;34;3;27m[48;2;0;0;0m▀[38;2;105;68;27m[48;2;67;53;20m▀[38;2;210;147;41m[48;2;222;159;45m▀[38;2;239;175;44m[48;2;234;167;44m▀[38;2;192;110;47m[48;2;228;158;48m▀[38;2;124;27;60m[48;2;150;48;61m▀[38;2;93;31;46m[48;2;95;26;46m▀[38;2;143;37;63m[48;2;150;41;66m▀[38;2;121;71;37m[48;2;70;10;37m▀[38;2;148;106;35m[48;2;60;0;30m▀[38;2;74;32;36m[48;2;122;33;55m▀[38;2;63;0;37m[48;2;88;30;46m▀[38;2;16;0;11m[48;2;0;127;0m▀[0m [0m
                                                               [0m [0m [0m [38;2;51;24;32m[48;2;98;23;49m▀[38;2;202;142;42m[48;2;119;63;40m▀[38;2;243;176;46m[48;2;183;115;34m▀[38;2;209;147;39m[48;2;174;109;35m▀[38;2;138;64;46m[48;2;127;47;47m▀[38;2;95;25;48m[48;2;145;35;64m▀[38;2;87;30;44m[48;2;91;27;42m▀[38;2;81;27;45m[48;2;79;39;49m▀[38;2;134;35;63m[48;2;116;62;50m▀[38;2;111;40;58m[48;2;67;40;24m▀[38;2;12;12;21m[48;2;0;0;0m▀[0m [0m [0m
                                                               [0m [0m [0m [38;2;110;30;48m[48;2;0;0;15m▀[38;2;102;35;62m[48;2;52;22;33m▀[38;2;83;48;35m[48;2;59;23;47m▀[38;2;148;93;30m[48;2;51;23;37m▀[38;2;109;51;41m[48;2;39;24;18m▀[38;2;145;37;68m[48;2;66;29;46m▀[38;2;105;35;58m[48;2;80;32;51m▀[38;2;88;55;29m[48;2;80;19;38m▀[38;2;119;73;22m[48;2;0;0;0m▀[0m [0m [0m [0m [0m
                                                               [0m [0m [0m [0m [0m [38;2;100;41;44m[48;2;69;50;19m▀[38;2;81;35;41m[48;2;58;35;13m▀[0m [38;2;0;5;10m[48;2;38;12;12m▀[38;2;125;40;59m[48;2;84;46;35m▀[38;2;106;31;42m[48;2;55;33;22m▀[0m [0m [0m [0m [0m [0m[0m
[9F                                                               [0m [0m [0m [0m [38;2;0;0;0m[48;2;144;103;33m▀[38;2;0;0;0m[48;2;85;47;36m▀[38;2;0;0;0m[48;2;67;36;39m▀[38;2;77;40;23m[48;2;108;51;53m▀[38;2;86;40;44m[48;2;96;53;50m▀[38;2;57;26;35m[48;2;0;9;0m▀[0m [0m [0m [0m [0m [0m [0m
                                                               [0m [0m [0m [38;2;0;18;0m[48;2;73;31;39m▀[38;2;100;59;27m[48;2;126;36;62m▀[38;2;119;51;58m[48;2;140;36;64m▀[38;2;128;33;64m[48;2;128;42;65m▀[38;2;140;74;55m[48;2;141;46;60m▀[38;2;154;115;34m[48;2;102;49;48m▀[38;2;64;18;40m[48;2;80;43;45m▀[38;2;63;31;44m[48;2;19;19;39m▀[0m [0m [0m [0m [0m [0m
                                                               [0m [38;2;0;0;0m[48;2;57;21;26m▀[38;2;0;0;0m[48;2;45;16;22m▀[38;2;46;20;30m[48;2;85;28;36m▀[38;2;118;39;58m[48;2;149;46;56m▀[38;2;135;37;60m[48;2;135;38;59m▀[38;2;85;35;50m[48;2;134;37;53m▀[38;2;109;28;58m[48;2;147;38;59m▀[38;2;141;63;54m[48;2;125;54;58m▀[38;2;89;65;34m[48;2;41;32;27m▀[38;2;55;16;31m[48;2;80;22;41m▀[38;2;86;21;38m[48;2;111;46;55m▀[38;2;0;0;0m[48;2;107;30;45m▀[0m [0m [0m [0m
                                                               [38;2;48;19;24m[48;2;14;14;14m▀[38;2;116;40;56m[48;2;89;26;48m▀[38;2;97;33;47m[48;2;141;34;66m▀[38;2;89;30;45m[48;2;100;31;46m▀[38;2;121;34;53m[48;2;75;25;36m▀[38;2;98;31;44m[48;2;99;27;44m▀[38;2;124;32;55m[48;2;106;36;45m▀[38;2;137;36;63m[48;2;71;34;46m▀[38;2;73;37;33m[48;2;19;11;22m▀[38;2;99;77;0m[48;2;54;20;50m▀[38;2;70;21;46m[48;2;110;65;42m▀[38;2;118;62;46m[48;2;127;59;49m▀[38;2;153;86;50m[48;2;221;158;48m▀[38;2;96;26;46m[48;2;174;105;50m▀[38;2;95;0;31m[48;2;47;0;32m▀[0m [0m
                                                               [0m [38;2;105;53;40m[48;2;117;65;36m▀[38;2;131;67;55m[48;2;156;102;39m▀[38;2;108;25;64m[48;2;88;51;46m▀[38;2;77;41;38m[48;2;151;104;40m▀[38;2;150;97;31m[48;2;254;190;44m▀[38;2;163;105;41m[48;2;199;113;50m▀[38;2;129;39;58m[48;2;119;25;57m▀[38;2;128;36;56m[48;2;142;41;60m▀[38;2;51;20;42m[48;2;116;33;49m▀[38;2;161;114;36m[48;2;210;153;40m▀[38;2;174;105;46m[48;2;228;156;51m▀[38;2;185;119;47m[48;2;153;92;52m▀[38;2;255;202;53m[48;2;202;173;39m▀[38;2;116;56;42m[48;2;117;66;38m▀[38;2;0;0;0m[48;2;57;12;28m▀[0m
                                                               [0m [38;2;0;0;0m[48;2;2;2;0m▀[38;2;34;3;27m[48;2;0;0;0m▀[38;2;105;68;27m[48;2;67;53;20m▀[38;2;210;147;41m[48;2;222;159;45m▀[38;2;239;175;44m[48;2;234;167;44m▀[38;2;192;110;47m[48;2;228;158;48m▀[38;2;124;27;60m[48;2;150;48;61m▀[38;2;93;31;46m[48;2;95;26;46m▀[38;2;143;37;63m[48;2;150;41;66m▀[38;2;121;71;37m[48;2;70;10;37m▀[38;2;148;106;35m[48;2;60;0;30m▀[38;2;74;32;36m[48;2;122;33;55m▀[38;2;63;0;37m[48;2;88;30;46m▀[38;2;16;0;11m[48;2;0;127;0m▀[0m [0m
                                                               [0m [0m [0m [38;2;51;24;32m[48;2;98;23;49m▀[38;2;202;142;42m[48;2;119;63;40m▀[38;2;243;176;46m[48;2;183;115;34m▀[38;2;209;147;39m[48;2;174;109;35m▀[38;2;138;64;46m[48;2;127;47;47m▀[38;2;95;25;48m[48;2;145;35;64m▀[38;2;87;30;44m[48;2;91;27;42m▀[38;2;81;27;45m[48;2;79;39;49m▀[38;2;134;35;63m[48;2;116;62;50m▀[38;2;111;40;58m[48;2;67;40;24m▀[38;2;12;12;21m[48;2;0;0;0m▀[0m [0m [0m
                                                               [0m [0m [0m [38;2;110;30;48m[48;2;0;0;15m▀[38;2;102;35;62m[48;2;52;22;33m▀[38;2;83;48;35m[48;2;59;23;47m▀[38;2;148;93;30m[48;2;51;23;37m▀[38;2;109;51;41m[48;2;39;24;18m▀[38;2;145;37;68m[48;2;66;29;46m▀[38;2;105;35;58m[48;2;80;32;51m▀[38;2;88;55;29m[48;2;80;19;38m▀[38;2;119;73;22m[48;2;0;0;0m▀[0m [0m [0m [0m [0m
                                                               [0m [0m [0m [0m [0m [38;2;100;41;44m[48;2;69;50;19m▀[38;2;81;35;41m[48;2;58;35;13m▀[0m [38;2;0;5;10m[48;2;38;12;12m▀[38;2;125;40;59m[48;2;84;46;35m▀[38;2;106;31;42m[48;2;55;33;22m▀[0m [0m [0m [0m [0m [0m[0m
[9F                                                               [0m [0m [0m [0m [38;2;0;0;0m[48;2;144;103;33m▀[38;2;0;0;0m[48;2;85;47;36m▀[38;2;0;0;0m[48;2;67;36;39m▀[38;2;77;40;23m[48;2;108;51;53m▀[38;2;86;40;44m[48;2;96;53;50m▀[38;2;57;26;35m[48;2;0;9;0m▀[0m [0m [0m [0m [0m [0m [0m
                                                               [0m [0m [0m [38;2;0;18;0m[48;2;73;31;39m▀[38;2;100;59;27m[48;2;126;36;62m▀[38;2;119;51;58m[48;2;140;36;64m▀[38;2;128;33;64m[48;2;128;42;65m▀[38;2;140;74;55m[48;2;141;46;60m▀[38;2;154;115;34m[48;2;102;49;48m▀[38;2;64;18;40m[48;2;80;43;45m▀[38;2;63;31;44m[48;2;19;19;39m▀[0m [0m [0m [0m [0m [0m
                                                               [0m [38;2;0;0;0m[48;2;57;21;26m▀[38;2;0;0;0m[48;2;45;16;22m▀[38;2;46;20;30m[48;2;85;28;36m▀[38;2;118;39;58m[48;2;149;46;56m▀[38;2;135;37;60m[48;2;135;38;59m▀[38;2;85;35;50m[48;2;134;37;53m▀[38;2;109;28;58m[48;2;147;38;59m▀[38;2;141;63;54m[48;2;125;54;58m▀[38;2;89;65;34m[48;2;41;32;27m▀[38;2;55;16;31m[48;2;80;22;41m▀[38;2;86;21;38m[48;2;111;46;55m▀[38;2;0;0;0m[48;2;107;30;45m▀[0m [0m [0m [0m
                                                               [38;2;48;19;24m[48;2;14;14;14m▀[38;2;116;40;56m[48;2;89;26;48m▀[38;2;97;33;47m[48;2;141;34;66m▀[38;2;89;30;45m[48;2;100;31;46m▀[38;2;121;34;53m[48;2;75;25;36m▀[38;2;98;31;44m[48;2;99;27;44m▀[38;2;124;32;55m[48;2;106;36;45m▀[38;2;137;36;63m[48;2;71;34;46m▀[38;2;73;37;33m[48;2;19;11;22m▀[38;2;99;77;0m[48;2;54;20;50m▀[38;2;70;21;46m[48;2;110;65;42m▀[38;2;118;62;46m[48;2;127;59;49m▀[38;2;153;86;50m[48;2;221;158;48m▀[38;2;96;26;46m[48;2;174;105;50m▀[38;2;95;0;31m[48;2;47;0;32m▀[0m [0m
                                                               [0m [38;2;105;53;40m[48;2;117;65;36m▀[38;2;131;67;55m[48;2;156;102;39m▀[38;2;108;25;64m[48;2;88;51;46m▀[38;2;77;41;38m[48;2;151;104;40m▀[38;2;150;97;31m[48;2;254;190;44m▀[38;2;163;105;41m[48;2;199;113;50m▀[38;2;129;39;58m[48;2;119;25;57m▀[38;2;128;36;56m[48;2;142;41;60m▀[38;2;51;20;42m[48;2;116;33;49m▀[38;2;161;114;36m[48;2;210;153;40m▀[38;2;174;105;46m[48;2;228;156;51m▀[38;2;185;119;47m[48;2;153;92;52m▀[38;2;255;202;53m[48;2;202;173;39m▀[38;2;116;56;42m[48;2;117;66;38m▀[38;2;0;0;0m[48;2;57;12;28m▀[0m
                                                               [0m [38;2;0;0;0m[48;2;2;2;0m▀[38;2;34;3;27m[48;2;0;0;0m▀[38;2;105;68;27m[48;2;67;53;20m▀[38;2;210;147;41m[48;2;222;159;45m▀[38;2;239;175;44m[48;2;234;167;44m▀[38;2;192;110;47m[48;2;228;158;48m▀[38;2;124;27;60m[48;2;150;48;61m▀[38;2;93;31;46m[48;2;95;26;46m▀[38;2;143;37;63m[48;2;150;41;66m▀[38;2;121;71;37m[48;2;70;10;37m▀[38;2;148;106;35m[48;2;60;0;30m▀[38;2;74;32;36m[48;2;122;33;55m▀[38;2;63;0;37m[48;2;88;30;46m▀[38;2;16;0;11m[48;2;0;127;0m▀[0m [0m
                                                               [0m [0m [0m [38;2;51;24;32m[48;2;98;23;49m▀[38;2;202;142;42m[48;2;119;63;40m▀[38;2;243;176;46m[48;2;183;115;34m▀[38;2;209;147;39m[48;2;174;109;35m▀[38;2;138;64;46m[48;2;127;47;47m▀[38;2;95;25;48m[48;2;145;35;64m▀[38;2;87;30;44m[48;2;91;27;42m▀[38;2;81;27;45m[48;2;79;39;49m▀[38;2;134;35;63m[48;2;116;62;50m▀[38;2;111;40;58m[48;2;67;40;24m▀[38;2;12;12;21m[48;2;0;0;0m▀[0m [0m [0m
                                                               [0m [0m [0m [38;2;110;30;48m[48;2;0;0;15m▀[38;2;102;35;62m[48;2;52;22;33m▀[38;2;83;48;35m[48;2;59;23;47m▀[38;2;148;93;30m[48;2;51;23;37m▀[38;2;109;51;41m[48;2;39;24;18m▀[38;2;145;37;68m[48;2;66;29;46m▀[38;2;105;35;58m[48;2;80;32;51m▀[38;2;88;55;29m[48;2;80;19;38m▀[38;2;119;73;22m[48;2;0;0;0m▀[0m [0m [0m [0m [0m
                                                               [0m [0m [0m [0m [0m [38;2;100;41;44m[48;2;69;50;19m▀[38;2;81;35;41m[48;2;58;35;13m▀[0m [38;2;0;5;10m[48;2;38;12;12m▀[38;2;125;40;59m[48;2;84;46;35m▀[38;2;106;31;42m[48;2;55;33;22m▀[0m [0m [0m [0m [0m [0m[0m
[?25h[0m

Script terminado en 2026-08-17 20:50:10+01:00 [CÓDIGO_SALIDA_ORDEN="0"]
